1.000000000000000000e+00 -8.120770996093750000e+03
2.000000000000000000e+00 -7.546661621093750000e+03
3.000000000000000000e+00 -3.334174804687500000e+03
4.000000000000000000e+00 -1.080514062500000000e+04
5.000000000000000000e+00 -6.229274902343750000e+03
6.000000000000000000e+00 -2.274674560546875000e+03
7.000000000000000000e+00 -4.666032714843750000e+03
8.000000000000000000e+00 -6.390461914062500000e+03
9.000000000000000000e+00 -3.379081054687500000e+03
1.000000000000000000e+01 -1.323754882812500000e+04
1.100000000000000000e+01 -6.661955078125000000e+03
1.200000000000000000e+01 2.226981201171875000e+03
1.300000000000000000e+01 -4.921414947509765625e+01
1.400000000000000000e+01 -1.202955627441406250e+02
1.500000000000000000e+01 -1.471864135742187500e+03
1.600000000000000000e+01 9.352000000000000000e+03
1.700000000000000000e+01 3.952000000000000000e+03
1.900000000000000000e+01 -1.043100509643554688e+02
2.000000000000000000e+01 2.079173583984375000e+02
2.100000000000000000e+01 -1.669507980346679688e+01
2.200000000000000000e+01 -3.535141906738281250e+02
2.300000000000000000e+01 -1.279204882812500000e+04
2.400000000000000000e+01 -3.848403320312500000e+03
2.500000000000000000e+01 -8.171252441406250000e+03
2.600000000000000000e+01 -2.315049438476562500e+02
2.700000000000000000e+01 3.211420288085937500e+02
2.800000000000000000e+01 5.938098144531250000e+02
2.900000000000000000e+01 -2.404494384765625000e+03
3.000000000000000000e+01 8.354910850524902344e+00
3.100000000000000000e+01 -2.475591308593750000e+03
3.200000000000000000e+01 -9.773283691406250000e+02
3.300000000000000000e+01 -1.801403930664062500e+03
3.400000000000000000e+01 2.790170410156250000e+03
3.500000000000000000e+01 4.904000000000000000e+03
3.600000000000000000e+01 6.244000000000000000e+03
3.700000000000000000e+01 -8.642426757812500000e+02
3.800000000000000000e+01 -7.917804687500000000e+03
3.900000000000000000e+01 -3.526390380859375000e+03
4.000000000000000000e+01 -2.652380126953125000e+03
4.100000000000000000e+01 -9.698549804687500000e+03
4.200000000000000000e+01 -1.136405029296875000e+03
4.300000000000000000e+01 -4.570699218750000000e+03
4.400000000000000000e+01 -4.425411132812500000e+03
4.500000000000000000e+01 -1.144658081054687500e+03
4.600000000000000000e+01 -1.809312377929687500e+03
4.700000000000000000e+01 5.579223632812500000e+02
4.800000000000000000e+01 1.181056518554687500e+03
4.900000000000000000e+01 5.503929199218750000e+03
5.000000000000000000e+01 1.378916168212890625e+02
5.100000000000000000e+01 -1.842680053710937500e+03
5.200000000000000000e+01 1.973031372070312500e+03
5.300000000000000000e+01 3.308703857421875000e+03
5.400000000000000000e+01 1.165062988281250000e+04
5.500000000000000000e+01 1.700000000000000000e+03
5.600000000000000000e+01 1.161999902343750000e+04
5.700000000000000000e+01 2.020000000000000000e+03
5.800000000000000000e+01 9.676000000000000000e+03
5.900000000000000000e+01 1.044000000000000000e+04
6.000000000000000000e+01 1.876000000000000000e+03
6.100000000000000000e+01 -1.069967285156250000e+04
6.200000000000000000e+01 -3.492552734375000000e+03
6.300000000000000000e+01 -2.274726074218750000e+03
6.400000000000000000e+01 -7.155983886718750000e+03
6.500000000000000000e+01 -2.848239746093750000e+03
6.600000000000000000e+01 -5.529286132812500000e+03
6.700000000000000000e+01 -8.476531250000000000e+03
6.800000000000000000e+01 -2.479156005859375000e+03
6.900000000000000000e+01 -1.740431060791015625e+02
7.000000000000000000e+01 -1.434266601562500000e+04
7.100000000000000000e+01 -1.367455273437500000e+04
7.200000000000000000e+01 -2.392448730468750000e+03
7.300000000000000000e+01 -2.183784765625000000e+04
7.400000000000000000e+01 -3.591244531250000000e+04
7.500000000000000000e+01 -1.660973632812500000e+03
7.600000000000000000e+01 -6.218010253906250000e+03
7.700000000000000000e+01 -9.461898437500000000e+03
7.800000000000000000e+01 -2.518412109375000000e+03
7.900000000000000000e+01 -6.729711914062500000e+03
8.000000000000000000e+01 -5.399055664062500000e+03
8.100000000000000000e+01 -3.828646484375000000e+03
8.200000000000000000e+01 -1.276936132812500000e+04
8.300000000000000000e+01 -1.004188842773437500e+03
8.400000000000000000e+01 -7.974213378906250000e+03
8.500000000000000000e+01 -1.738364843750000000e+04
8.600000000000000000e+01 -8.272364257812500000e+03
8.700000000000000000e+01 -1.122137500000000000e+04
8.800000000000000000e+01 -1.663639160156250000e+03
8.900000000000000000e+01 -8.817817382812500000e+03
9.000000000000000000e+01 -6.688685058593750000e+03
9.100000000000000000e+01 -1.445031494140625000e+03
9.200000000000000000e+01 -5.894160156250000000e+03
9.300000000000000000e+01 -4.115841796875000000e+03
9.400000000000000000e+01 -7.047852050781250000e+03
9.500000000000000000e+01 -2.904743164062500000e+04
9.600000000000000000e+01 -1.408993261718750000e+04
9.700000000000000000e+01 -3.000226074218750000e+03
9.800000000000000000e+01 -4.048414062500000000e+03
9.900000000000000000e+01 -1.252244824218750000e+04
1.000000000000000000e+02 -4.570611816406250000e+03
1.010000000000000000e+02 -2.672728271484375000e+03
1.020000000000000000e+02 -1.415321386718750000e+04
1.030000000000000000e+02 -7.403498535156250000e+02
1.040000000000000000e+02 -5.226137695312500000e+03
1.050000000000000000e+02 -2.533061767578125000e+03
1.060000000000000000e+02 8.713029785156250000e+02
1.070000000000000000e+02 -7.163454101562500000e+03
1.080000000000000000e+02 -2.155297656250000000e+04
1.090000000000000000e+02 -4.819037109375000000e+03
1.100000000000000000e+02 -2.267226953125000000e+04
1.110000000000000000e+02 -1.038235058593750000e+04
1.120000000000000000e+02 -8.377682617187500000e+03
1.130000000000000000e+02 -2.760640869140625000e+03
1.140000000000000000e+02 -2.665992431640625000e+03
1.150000000000000000e+02 1.032375976562500000e+04
1.160000000000000000e+02 -4.289735839843750000e+03
1.170000000000000000e+02 -8.932291259765625000e+02
1.180000000000000000e+02 -9.540404663085937500e+02
1.190000000000000000e+02 -3.424267822265625000e+03
1.200000000000000000e+02 -3.367684082031250000e+03
1.210000000000000000e+02 -1.227616699218750000e+03
1.220000000000000000e+02 -5.582559204101562500e+02
1.230000000000000000e+02 -1.275689086914062500e+03
1.240000000000000000e+02 -6.715690917968750000e+03
1.250000000000000000e+02 -3.267385498046875000e+03
1.260000000000000000e+02 -2.260295166015625000e+03
1.270000000000000000e+02 -3.696460693359375000e+03
1.280000000000000000e+02 -4.318627441406250000e+03
1.290000000000000000e+02 -3.287147216796875000e+03
1.300000000000000000e+02 -9.991929321289062500e+02
1.310000000000000000e+02 -4.717837890625000000e+03
1.320000000000000000e+02 -3.371959228515625000e+02
1.330000000000000000e+02 -1.943811523437500000e+03
1.340000000000000000e+02 -3.053966308593750000e+03
1.350000000000000000e+02 -2.387147521972656250e+02
1.360000000000000000e+02 -1.149980468750000000e+03
1.370000000000000000e+02 -5.617628906250000000e+03
1.380000000000000000e+02 -3.022634887695312500e+02
1.390000000000000000e+02 -2.189725830078125000e+03
1.400000000000000000e+02 -1.443143750000000000e+04
1.410000000000000000e+02 -1.828811645507812500e+03
1.420000000000000000e+02 -2.999321777343750000e+03
1.430000000000000000e+02 -1.045868652343750000e+03
1.440000000000000000e+02 -7.781793945312500000e+03
1.450000000000000000e+02 -1.066332275390625000e+03
1.460000000000000000e+02 -5.727894042968750000e+03
1.470000000000000000e+02 -5.629269042968750000e+03
1.490000000000000000e+02 -1.934819030761718750e+02
1.500000000000000000e+02 -2.786707519531250000e+03
1.510000000000000000e+02 -5.109787109375000000e+03
1.520000000000000000e+02 -1.523169628906250000e+04
1.530000000000000000e+02 -5.798680664062500000e+03
1.540000000000000000e+02 -1.840432006835937500e+03
1.550000000000000000e+02 -2.620657226562500000e+03
1.560000000000000000e+02 -1.717432495117187500e+03
1.570000000000000000e+02 -1.266083251953125000e+03
1.580000000000000000e+02 -6.063162109375000000e+03
1.590000000000000000e+02 -3.186399658203125000e+03
1.600000000000000000e+02 -8.983792968750000000e+03
1.610000000000000000e+02 -6.778787597656250000e+03
1.620000000000000000e+02 -4.599047851562500000e+03
1.630000000000000000e+02 -1.934819030761718750e+02
1.640000000000000000e+02 -8.877208251953125000e+02
1.650000000000000000e+02 2.602031494140625000e+03
1.660000000000000000e+02 -2.156204101562500000e+03
1.670000000000000000e+02 -7.501142089843750000e+03
1.680000000000000000e+02 -4.335127929687500000e+03
1.690000000000000000e+02 -5.254854003906250000e+03
1.700000000000000000e+02 5.471742187500000000e+03
1.710000000000000000e+02 8.812000000000000000e+03
1.720000000000000000e+02 -7.577447753906250000e+03
1.730000000000000000e+02 -8.703234863281250000e+02
1.740000000000000000e+02 -1.489131958007812500e+03
1.750000000000000000e+02 -1.574207519531250000e+03
1.760000000000000000e+02 -8.361986083984375000e+02
1.770000000000000000e+02 -1.136787500000000000e+04
1.780000000000000000e+02 -4.590476074218750000e+03
1.790000000000000000e+02 -2.566733642578125000e+03
1.800000000000000000e+02 -1.573376098632812500e+03
1.810000000000000000e+02 -4.312520507812500000e+03
1.820000000000000000e+02 -3.933952880859375000e+03
1.830000000000000000e+02 4.333924804687500000e+03
1.840000000000000000e+02 7.315773437500000000e+03
1.850000000000000000e+02 1.116000000000000000e+03
1.860000000000000000e+02 8.696000000000000000e+03
1.870000000000000000e+02 1.116000000000000000e+03
1.880000000000000000e+02 3.840000000000000000e+02
1.890000000000000000e+02 5.057003784179687500e+02
1.900000000000000000e+02 6.767133178710937500e+02
1.910000000000000000e+02 5.075864257812500000e+03
1.920000000000000000e+02 -4.154613769531250000e+03
1.930000000000000000e+02 4.635933105468750000e+03
1.940000000000000000e+02 1.504000000000000000e+03
1.950000000000000000e+02 3.641025878906250000e+03
1.960000000000000000e+02 -8.871107177734375000e+02
1.970000000000000000e+02 9.081840820312500000e+03
1.980000000000000000e+02 9.310988769531250000e+02
1.990000000000000000e+02 -3.730567321777343750e+02
2.000000000000000000e+02 -4.049343017578125000e+03
2.010000000000000000e+02 -5.554340820312500000e+02
2.020000000000000000e+02 -2.671590576171875000e+03
2.030000000000000000e+02 -3.357366455078125000e+03
2.040000000000000000e+02 -2.784663818359375000e+03
2.050000000000000000e+02 -4.044190917968750000e+03
2.060000000000000000e+02 -3.661943115234375000e+03
2.070000000000000000e+02 -3.793492431640625000e+02
2.080000000000000000e+02 -2.951877441406250000e+02
2.090000000000000000e+02 -2.445453186035156250e+02
2.100000000000000000e+02 -2.385932922363281250e+02
2.110000000000000000e+02 1.048271728515625000e+03
2.120000000000000000e+02 4.497905273437500000e+02
2.130000000000000000e+02 4.856838867187500000e+03
2.140000000000000000e+02 3.864928466796875000e+03
2.150000000000000000e+02 -7.221994018554687500e+02
2.160000000000000000e+02 5.959043579101562500e+02
2.170000000000000000e+02 5.700383300781250000e+03
2.180000000000000000e+02 -1.476061035156250000e+03
2.190000000000000000e+02 -3.608917236328125000e+03
2.200000000000000000e+02 1.028400000000000000e+04
2.210000000000000000e+02 3.448000000000000000e+03
2.220000000000000000e+02 1.519638916015625000e+03
2.230000000000000000e+02 -8.735773925781250000e+02
2.240000000000000000e+02 9.360000000000000000e+02
2.250000000000000000e+02 2.342645263671875000e+03
2.260000000000000000e+02 6.707771972656250000e+03
2.270000000000000000e+02 3.356000000000000000e+03
2.280000000000000000e+02 -2.318083496093750000e+03
2.290000000000000000e+02 -6.436333007812500000e+03
2.300000000000000000e+02 -9.750600585937500000e+03
2.310000000000000000e+02 -1.661677929687500000e+04
2.320000000000000000e+02 -5.264598632812500000e+03
2.330000000000000000e+02 -3.861754150390625000e+03
2.340000000000000000e+02 -2.226718017578125000e+03
2.350000000000000000e+02 -8.808784179687500000e+03
2.360000000000000000e+02 -3.094627685546875000e+03
2.370000000000000000e+02 -1.005360937500000000e+04
2.380000000000000000e+02 -4.041686767578125000e+03
2.390000000000000000e+02 -1.899729101562500000e+04
2.400000000000000000e+02 4.348706542968750000e+03
2.410000000000000000e+02 1.492000000000000000e+03
2.420000000000000000e+02 1.120000000000000000e+03
2.430000000000000000e+02 -2.319496154785156250e+02
2.440000000000000000e+02 -1.957949218750000000e+04
2.450000000000000000e+02 -6.494072265625000000e+03
2.460000000000000000e+02 -6.988599243164062500e+02
2.470000000000000000e+02 1.006089599609375000e+03
2.480000000000000000e+02 7.680000000000000000e+02
2.490000000000000000e+02 1.952000000000000000e+03
2.500000000000000000e+02 -3.212797363281250000e+03
2.510000000000000000e+02 7.768000000000000000e+03
2.520000000000000000e+02 4.084000000000000000e+03
2.530000000000000000e+02 2.812000000000000000e+03
2.540000000000000000e+02 1.180000000000000000e+03
2.550000000000000000e+02 2.443487060546875000e+03
2.560000000000000000e+02 4.448000000000000000e+03
2.570000000000000000e+02 1.071295288085937500e+03
2.580000000000000000e+02 7.280000000000000000e+02
2.590000000000000000e+02 3.509201660156250000e+03
2.600000000000000000e+02 2.435750244140625000e+03
2.610000000000000000e+02 3.696000000000000000e+03
2.620000000000000000e+02 1.182800000000000000e+04
2.630000000000000000e+02 5.800000000000000000e+03
2.640000000000000000e+02 2.365851318359375000e+03
2.650000000000000000e+02 4.992000000000000000e+03
2.660000000000000000e+02 -2.018637817382812500e+03
2.670000000000000000e+02 -6.074805297851562500e+02
2.680000000000000000e+02 -2.068017822265625000e+03
2.690000000000000000e+02 -2.690626708984375000e+03
2.700000000000000000e+02 -1.250898803710937500e+03
2.710000000000000000e+02 1.352000000000000000e+03
2.720000000000000000e+02 -2.447742431640625000e+03
2.730000000000000000e+02 -1.121635498046875000e+03
2.740000000000000000e+02 -9.150603027343750000e+02
2.750000000000000000e+02 -1.829341064453125000e+03
2.760000000000000000e+02 -1.899795507812500000e+04
2.770000000000000000e+02 -9.792410156250000000e+03
2.780000000000000000e+02 -1.217448828125000000e+04
2.790000000000000000e+02 -2.533553222656250000e+03
2.800000000000000000e+02 -9.992089843750000000e+03
2.810000000000000000e+02 -7.054234375000000000e+03
2.820000000000000000e+02 -8.691138671875000000e+03
2.830000000000000000e+02 2.711624511718750000e+03
2.840000000000000000e+02 2.691208801269531250e+02
2.850000000000000000e+02 7.873972656250000000e+03
2.860000000000000000e+02 9.400000000000000000e+02
2.870000000000000000e+02 9.825661010742187500e+02
2.880000000000000000e+02 2.225329589843750000e+03
2.890000000000000000e+02 3.441911865234375000e+03
2.900000000000000000e+02 1.272599853515625000e+03
2.910000000000000000e+02 2.356682861328125000e+03
2.920000000000000000e+02 -1.656004882812500000e+03
2.930000000000000000e+02 -3.217337341308593750e+02
2.940000000000000000e+02 7.289492797851562500e+02
2.950000000000000000e+02 2.484789794921875000e+03
2.960000000000000000e+02 8.644494140625000000e+03
2.970000000000000000e+02 1.792246459960937500e+03
2.980000000000000000e+02 -1.878733032226562500e+03
2.990000000000000000e+02 -3.695173095703125000e+03
3.000000000000000000e+02 1.252952148437500000e+03
3.010000000000000000e+02 2.552627197265625000e+03
3.020000000000000000e+02 7.040000000000000000e+02
3.030000000000000000e+02 4.225899902343750000e+03
3.040000000000000000e+02 -3.250048522949218750e+02
3.050000000000000000e+02 6.713787231445312500e+02
3.060000000000000000e+02 5.828141601562500000e+03
3.070000000000000000e+02 -9.636784057617187500e+02
3.080000000000000000e+02 -9.082047729492187500e+02
3.090000000000000000e+02 -1.984201904296875000e+03
3.100000000000000000e+02 2.060000000000000000e+03
3.110000000000000000e+02 -9.082047729492187500e+02
3.120000000000000000e+02 1.378476104736328125e+02
3.130000000000000000e+02 1.892000000000000000e+03
3.150000000000000000e+02 4.650731445312500000e+03
3.160000000000000000e+02 1.660000000000000000e+03
3.170000000000000000e+02 -4.645991699218750000e+03
3.180000000000000000e+02 7.523491699218750000e+03
3.190000000000000000e+02 -1.816612548828125000e+03
3.200000000000000000e+02 -1.258926025390625000e+03
3.210000000000000000e+02 6.691199218750000000e+03
3.220000000000000000e+02 1.282000000000000000e+04
3.230000000000000000e+02 3.296000000000000000e+03
3.240000000000000000e+02 -6.123048339843750000e+03
3.250000000000000000e+02 1.833631591796875000e+03
3.260000000000000000e+02 3.004000000000000000e+03
3.270000000000000000e+02 3.012000000000000000e+03
3.280000000000000000e+02 1.516000000000000000e+03
3.290000000000000000e+02 4.587143554687500000e+03
3.300000000000000000e+02 7.128000000000000000e+03
3.310000000000000000e+02 2.808000000000000000e+03
3.320000000000000000e+02 4.188000000000000000e+03
3.330000000000000000e+02 5.428000000000000000e+03
3.340000000000000000e+02 -5.693553466796875000e+02
3.350000000000000000e+02 -9.267766601562500000e+03
3.360000000000000000e+02 8.622408203125000000e+03
3.370000000000000000e+02 -4.719551269531250000e+03
3.380000000000000000e+02 -8.670965820312500000e+03
3.390000000000000000e+02 -3.942491699218750000e+03
3.400000000000000000e+02 -5.690377929687500000e+03
3.410000000000000000e+02 -5.920763183593750000e+03
3.420000000000000000e+02 -1.304362500000000000e+04
3.430000000000000000e+02 -6.857930664062500000e+03
3.440000000000000000e+02 -8.513139648437500000e+03
3.450000000000000000e+02 -6.725273437500000000e+02
3.460000000000000000e+02 8.131390991210937500e+02
3.470000000000000000e+02 1.871554809570312500e+03
3.480000000000000000e+02 3.336000000000000000e+03
3.490000000000000000e+02 -3.259409423828125000e+03
3.500000000000000000e+02 4.157569335937500000e+03
3.510000000000000000e+02 -4.303296813964843750e+02
3.520000000000000000e+02 -2.987688964843750000e+03
3.530000000000000000e+02 -1.434169824218750000e+04
3.540000000000000000e+02 -1.131197891235351562e+02
3.550000000000000000e+02 -7.901431640625000000e+03
3.560000000000000000e+02 -4.930395507812500000e+03
3.570000000000000000e+02 -8.530156250000000000e+03
3.580000000000000000e+02 -2.011873413085937500e+03
3.590000000000000000e+02 -2.733943359375000000e+03
3.610000000000000000e+02 -1.453891601562500000e+04
3.620000000000000000e+02 -1.303392456054687500e+03
3.630000000000000000e+02 -5.209172363281250000e+03
3.640000000000000000e+02 -2.997062988281250000e+03
3.650000000000000000e+02 -2.981491210937500000e+03
3.660000000000000000e+02 -1.420628906250000000e+03
3.670000000000000000e+02 -2.308694091796875000e+03
3.680000000000000000e+02 -2.604381347656250000e+03
3.690000000000000000e+02 -1.736315234375000000e+04
3.700000000000000000e+02 -2.028225976562500000e+04
3.710000000000000000e+02 -1.003677832031250000e+04
3.720000000000000000e+02 1.081248901367187500e+03
3.730000000000000000e+02 -1.173699707031250000e+03
3.740000000000000000e+02 3.619895019531250000e+02
3.750000000000000000e+02 1.518915161132812500e+03
3.760000000000000000e+02 1.618913330078125000e+03
3.770000000000000000e+02 1.448497436523437500e+03
3.780000000000000000e+02 1.465568359375000000e+03
3.790000000000000000e+02 2.036000000000000000e+03
3.800000000000000000e+02 6.520000000000000000e+03
3.810000000000000000e+02 -5.993358886718750000e+03
3.820000000000000000e+02 -1.783253051757812500e+03
3.830000000000000000e+02 -3.614006835937500000e+03
3.840000000000000000e+02 -2.470284423828125000e+03
3.850000000000000000e+02 -3.749248779296875000e+03
3.860000000000000000e+02 -2.529069580078125000e+03
3.870000000000000000e+02 -6.693905761718750000e+03
3.880000000000000000e+02 -1.302594433593750000e+04
3.890000000000000000e+02 -3.209388671875000000e+03
3.900000000000000000e+02 -8.234941406250000000e+03
3.910000000000000000e+02 -2.038942138671875000e+03
3.920000000000000000e+02 7.718490722656250000e+03
3.930000000000000000e+02 1.828000000000000000e+03
3.940000000000000000e+02 2.116000000000000000e+03
3.950000000000000000e+02 -1.030842285156250000e+04
3.960000000000000000e+02 -2.572238464355468750e+02
3.970000000000000000e+02 -4.462080688476562500e+02
3.980000000000000000e+02 -6.737881835937500000e+03
3.990000000000000000e+02 1.249788085937500000e+03
4.000000000000000000e+02 -1.036812500000000000e+04
4.010000000000000000e+02 -4.604620605468750000e+03
4.020000000000000000e+02 -6.651435058593750000e+03
4.030000000000000000e+02 -6.116079101562500000e+03
4.040000000000000000e+02 -1.668178710937500000e+04
4.050000000000000000e+02 -9.899658203125000000e+03
4.060000000000000000e+02 -3.529394042968750000e+03
4.070000000000000000e+02 -1.898989501953125000e+03
4.080000000000000000e+02 2.281896972656250000e+02
4.090000000000000000e+02 1.474079589843750000e+02
4.100000000000000000e+02 2.694751220703125000e+03
4.110000000000000000e+02 1.391160125732421875e+02
4.120000000000000000e+02 1.560980468750000000e+03
4.130000000000000000e+02 1.587347900390625000e+03
4.140000000000000000e+02 1.158939697265625000e+03
4.150000000000000000e+02 2.547696777343750000e+03
4.160000000000000000e+02 3.652000000000000000e+03
4.170000000000000000e+02 -5.003232910156250000e+03
4.180000000000000000e+02 -9.555771484375000000e+03
4.190000000000000000e+02 -8.251534179687500000e+03
4.200000000000000000e+02 -1.384966894531250000e+04
4.210000000000000000e+02 3.338797363281250000e+03
4.220000000000000000e+02 7.466813964843750000e+02
4.230000000000000000e+02 8.622172241210937500e+02
4.240000000000000000e+02 2.212760253906250000e+03
4.250000000000000000e+02 7.104000000000000000e+03
4.260000000000000000e+02 -3.868323486328125000e+03
4.270000000000000000e+02 -9.951001953125000000e+03
4.280000000000000000e+02 -7.473263671875000000e+03
4.290000000000000000e+02 -5.397306152343750000e+03
4.300000000000000000e+02 -3.041830566406250000e+03
4.310000000000000000e+02 4.302883300781250000e+03
4.320000000000000000e+02 -1.372408569335937500e+03
4.330000000000000000e+02 -9.166446533203125000e+02
4.340000000000000000e+02 4.247257812500000000e+03
4.350000000000000000e+02 8.188000000000000000e+03
4.360000000000000000e+02 3.944000000000000000e+03
4.370000000000000000e+02 3.252000000000000000e+03
4.380000000000000000e+02 -5.740965332031250000e+03
4.390000000000000000e+02 -2.082676269531250000e+03
4.400000000000000000e+02 -6.917867675781250000e+03
4.410000000000000000e+02 -3.155316650390625000e+03
4.420000000000000000e+02 -3.575034667968750000e+03
4.430000000000000000e+02 -3.396015319824218750e+02
4.440000000000000000e+02 1.342400000000000000e+04
4.450000000000000000e+02 3.563825683593750000e+03
4.460000000000000000e+02 2.144000000000000000e+03
4.470000000000000000e+02 6.728000000000000000e+03
4.480000000000000000e+02 -4.108966308593750000e+03
4.490000000000000000e+02 -1.584358593750000000e+04
4.500000000000000000e+02 -9.008664062500000000e+03
4.510000000000000000e+02 5.884000000000000000e+03
4.520000000000000000e+02 6.131395507812500000e+03
4.530000000000000000e+02 7.040000000000000000e+02
4.540000000000000000e+02 3.480000000000000000e+02
4.550000000000000000e+02 2.260000000000000000e+03
4.560000000000000000e+02 2.320000000000000000e+03
4.570000000000000000e+02 -9.921307373046875000e+02
4.580000000000000000e+02 -2.559663574218750000e+03
4.590000000000000000e+02 -5.081158691406250000e+03
4.600000000000000000e+02 3.668000000000000000e+03
4.610000000000000000e+02 2.392000000000000000e+03
4.620000000000000000e+02 6.920000000000000000e+02
4.630000000000000000e+02 4.520000000000000000e+03
4.640000000000000000e+02 2.159726562500000000e+03
4.650000000000000000e+02 8.880000000000000000e+02
4.660000000000000000e+02 8.824184570312500000e+03
4.670000000000000000e+02 3.112924316406250000e+03
4.680000000000000000e+02 3.276000000000000000e+03
4.690000000000000000e+02 -4.107664550781250000e+03
4.700000000000000000e+02 4.072000000000000000e+03
4.710000000000000000e+02 -2.445373291015625000e+03
4.720000000000000000e+02 7.067901000976562500e+02
4.730000000000000000e+02 1.418322631835937500e+03
4.740000000000000000e+02 2.860000000000000000e+03
4.750000000000000000e+02 2.252000000000000000e+03
4.760000000000000000e+02 -4.219534667968750000e+03
4.770000000000000000e+02 -4.402417968750000000e+03
4.780000000000000000e+02 -6.763356933593750000e+02
4.790000000000000000e+02 -8.338690185546875000e+02
4.800000000000000000e+02 5.496637207031250000e+03
4.810000000000000000e+02 9.188520507812500000e+02
4.820000000000000000e+02 3.888000000000000000e+03
4.830000000000000000e+02 4.492000000000000000e+03
4.840000000000000000e+02 8.160000000000000000e+02
4.850000000000000000e+02 -8.756599609375000000e+03
