"row" "col" "lay" "stage"
13 4 0 0
12 5 0 4.59804779818292
13 5 0 24.7785972889779
11 6 0 33.2079525665205
12 6 0 47.1962553598667
11 7 0 21.5374340765115
12 7 0 59.8526989381678
19 7 0 2.25217973905213
11 8 0 57.744527767287
18 8 0 38.1680580319566
19 8 0 43.0592959024332
11 9 0 21.7651879692956
12 9 0 112.696345642863
18 9 0 53.4484341341391
19 9 0 69.714310641019
12 10 0 78.1712604067117
19 10 0 43.6384963050869
12 11 0 26.9933736033812
12 12 0 29.1448013514209
34 12 0 1.35007079932034
12 13 0 51.7384258940918
34 13 0 3.83036915070337
38 13 0 37.7090797876367
39 13 0 13.240688936326
11 14 0 107.962976211406
12 14 0 105.78702780876
32 14 0 8.12273611642719
33 14 0 1.25412693196928
34 14 0 50.1007182968581
38 14 0 36.8694245699963
39 14 0 73.0631161823893
40 14 0 10.6467402983975
41 14 0 79.4660074298837
49 14 0 3.7368406043002
11 15 0 48.8899754924961
31 15 0 3.65407064553511
32 15 0 51.3226540181036
37 15 0 9.50406966332646
38 15 0 95.3198316591261
41 15 0 14.6063525306443
47 15 0 47.4779259990743
48 15 0 1.8658975098622
49 15 0 3.78974946850877
11 16 0 52.3669456965798
31 16 0 1.24255796181649
37 16 0 57.8558388923895
38 16 0 89.071185751371
41 16 0 20.6595078335675
47 16 0 1.25400905607878
11 17 0 99.8302593926866
12 17 0 111.512523907158
29 17 0 84.3047146566369
30 17 0 5.41559822590772
31 17 0 7.19627658332896
38 17 0 50.5208704554129
41 17 0 25.1933509726691
42 17 0 73.6063566099456
46 17 0 3.54117674018788
47 17 0 6.51643235786391
11 18 0 59.2733340397495
28 18 0 37.9503639483657
29 18 0 4.972183114634
38 18 0 19.8174358133619
42 18 0 40.2135428405914
43 18 0 87.6606874185146
46 18 0 0.744568853989295
11 19 0 84.6645483477898
12 19 0 115.219786801497
27 19 0 66.3199342639616
28 19 0 7.25294737540493
38 19 0 30.4486825624444
43 19 0 24.6099431216287
46 19 0 62.7412045250078
47 19 0 7.35934455377255
12 20 0 67.3585471384661
27 20 0 9.61364498034464
38 20 0 37.1098261839137
43 20 0 53.5532913481184
47 20 0 1.39400005340576
48 20 0 37.5952112398595
11 21 0 89.8639582968636
12 21 0 93.5772525217482
27 21 0 76.452651622112
28 21 0 1.70207767666141
29 21 0 2.0634208731465
43 21 0 46.0398140966803
48 21 0 1.59258327635147
49 21 0 67.2299247507207
11 22 0 105.467888190199
12 22 0 130.226502162997
27 22 0 2.21582038608224
28 22 0 7.6607586650187
29 22 0 2.15518914428642
43 22 0 23.722960501143
49 22 0 2.39615986139783
12 23 0 100.577084730512
26 23 0 2.25502582145689
27 23 0 58.5181785214755
43 23 0 23.7020599829257
44 23 0 76.8855569606612
48 23 0 51.6228318777377
49 23 0 3.92015696997316
12 24 0 72.9020830079474
26 24 0 5.62518314499028
44 24 0 23.8934522248325
45 24 0 130.258578010641
48 24 0 3.35668068977959
49 24 0 10.4747209161848
12 25 0 95.6448482855552
13 25 0 95.9409841292745
26 25 0 84.4722580706174
27 25 0 8.14495857899253
28 25 0 58.2733220868036
45 25 0 46.9858581308694
49 25 0 6.90018077031915
50 25 0 3.74740869910885
51 25 0 11.7561739849314
13 26 0 94.6626165886238
14 26 0 110.719577705019
27 26 0 46.8992315044843
28 26 0 3.12351988329307
45 26 0 29.4977449568834
51 26 0 4.21328999911218
14 27 0 91.7002896380943
26 27 0 12.7987216028358
27 27 0 69.1479600808551
45 27 0 75.9260543378089
46 27 0 86.2601621558642
51 27 0 6.48512094178168
14 28 0 126.417522669495
15 28 0 150.453160890833
26 28 0 43.5336561704491
27 28 0 7.29447423334239
28 28 0 104.170610460954
46 28 0 66.9176994352216
51 28 0 5.5140984656983
15 29 0 99.6451458294333
25 29 0 5.77730703243268
26 29 0 8.32545870598772
27 29 0 4.86512323526727
28 29 0 23.6403299280792
46 29 0 92.4777448894742
47 29 0 77.1198800035692
51 29 0 8.91438602717176
52 29 0 7.84978818217511
78 29 0 0
15 30 0 166.743010843289
16 30 0 141.849729091984
25 30 0 11.8225302548782
28 30 0 58.9191069908216
29 30 0 40.9563880745964
30 30 0 11.7252916127635
47 30 0 62.1809960376963
48 30 0 98.9107042613635
52 30 0 19.8160186179518
53 30 0 3.86752656158561
54 30 0 49.2012930192793
78 30 0 5.80096150250578
79 30 0 26.2337963280279
23 31 0 10.8404023703912
24 31 0 18.3092281896761
25 31 0 6.09912118412866
30 31 0 68.9822783956647
31 31 0 12.2722274763522
32 31 0 55.9588488818684
48 31 0 42.0422180465143
54 31 0 5.38837528141492
55 31 0 47.1301464827828
78 31 0 8.7942347428233
23 32 0 10.5957237008025
32 32 0 64.699439521941
33 32 0 20.060498834949
34 32 0 34.8361663205179
35 32 0 95.7811571693881
48 32 0 74.894385139367
49 32 0 131.331647152444
55 32 0 4.43088149865783
78 32 0 16.9275997966539
22 33 0 13.4824466869807
23 33 0 35.6375071727569
35 33 0 50.422087733125
36 33 0 93.1048290253474
49 33 0 48.2622393125548
55 33 0 8.21251694325964
56 33 0 48.4013080349723
76 33 0 48.4588769021709
77 33 0 8.18685635178424
78 33 0 41.761367207415
89 33 0 3.88226073128387
20 34 0 6.87953713023956
21 34 0 8.78202149547059
22 34 0 14.0986724600048
36 34 0 77.0924127981762
49 34 0 95.770685697595
56 34 0 13.3228407618481
75 34 0 46.1876768669193
76 34 0 54.325663285961
89 34 0 6.04224840818416
19 35 0 8.94157830527997
20 35 0 69.0288206464234
36 35 0 46.6215185890858
47 35 0 83.2284440478012
48 35 0 86.3474769640724
49 35 0 62.7277187914244
55 35 0 3.98968606492201
56 35 0 38.1974180244046
74 35 0 36.818804643633
75 35 0 93.1492321090178
87 35 0 29.9243548978477
88 35 0 16.6722111123321
89 35 0 9.12918580959618
19 36 0 13.8406450074174
47 36 0 47.0549512962394
48 36 0 121.9460500746
55 36 0 10.6642886173617
74 36 0 51.7677206054409
75 36 0 114.160663557376
86 36 0 68.4437053296347
87 36 0 90.4532994405016
88 36 0 12.2366055649097
89 36 0 29.1315779351049
132 36 0 0
18 37 0 11.6775888595005
19 37 0 36.0766372983124
47 37 0 64.2866288795128
55 37 0 7.65858283156578
75 37 0 72.1643456909256
86 37 0 81.8992092574578
89 37 0 11.7074764697099
110 37 0 0
132 37 0 11.4475450885506
133 37 0 23.429736522283
134 37 0 25.1542937876602
18 38 0 7.52110339562123
46 38 0 53.4303361270292
47 38 0 103.32998522228
55 38 0 17.7716392980289
56 38 0 4.78409037937358
75 38 0 26.583672594662
86 38 0 84.8381901405743
89 38 0 61.7697487101655
90 38 0 58.1222323090661
110 38 0 75.6557656306928
111 38 0 65.7777566948948
126 38 0 0
133 38 0 9.55699241153124
134 38 0 9.60179537713895
135 38 0 14.6260847959638
18 39 0 35.4201053608609
19 39 0 26.8010289816614
46 39 0 126.205952574521
56 39 0 7.17627644187587
75 39 0 93.3249473932592
86 39 0 76.2650956443242
90 39 0 17.1446241646024
91 39 0 69.5680286944514
111 39 0 77.6512773584229
112 39 0 89.1754036057496
119 39 0 6.76835281273721
125 39 0 61.8643883628832
126 39 0 50.8910581988316
135 39 0 12.5064602622387
19 40 0 41.8070927071794
20 40 0 41.0526036074619
45 40 0 108.647329721116
46 40 0 85.7118157492556
55 40 0 64.0337311343324
56 40 0 6.63171767502039
74 40 0 91.658474323911
75 40 0 74.1421122498833
91 40 0 27.9754317566952
92 40 0 15.0199572615128
112 40 0 57.9416697690184
119 40 0 23.5421113041671
125 40 0 51.8655782262925
135 40 0 13.8017396998223
136 40 0 16.1505977461149
20 41 0 12.3003194151352
45 41 0 51.3878662800777
55 41 0 5.06044102981095
74 41 0 87.9870951739637
75 41 0 97.4017892645698
92 41 0 44.8878987605979
93 41 0 22.2722210854886
94 41 0 112.15890039151
112 41 0 74.0875584473496
119 41 0 19.7291361736051
125 41 0 78.1392716100518
136 41 0 13.029979341461
20 42 0 36.6849815630679
21 42 0 90.2658715702468
45 42 0 90.0795924044285
55 42 0 5.25507625133648
56 42 0 12.9514977314346
75 42 0 54.5150852015262
93 42 0 64.2669750994245
112 42 0 83.4473750046174
118 42 0 100.568935474313
119 42 0 88.1454141836465
125 42 0 102.049479608103
136 42 0 22.1142125071506
137 42 0 20.7055815111476
21 43 0 13.4102862877405
44 43 0 72.8108450766611
45 43 0 155.74930517344
56 43 0 9.07571473420927
57 43 0 5.95689521343649
58 43 0 46.9766912426798
59 43 0 28.8587702633121
60 43 0 61.3817082797736
75 43 0 165.485188256443
76 43 0 67.5823269710784
93 43 0 66.920561543938
94 43 0 40.9457112612796
112 43 0 86.4491627759538
118 43 0 36.1058647043785
137 43 0 22.1158457490808
21 44 0 94.1656048733016
22 44 0 24.6819953661328
23 44 0 39.7592493475549
44 44 0 94.0804154250239
57 44 0 12.4869777915583
58 44 0 33.4795520298216
60 44 0 100.921099120868
61 44 0 43.8207164581149
76 44 0 92.5521700422297
94 44 0 31.2678143190739
95 44 0 63.6514176719934
96 44 0 78.4094220013066
118 44 0 48.475415537254
137 44 0 14.6441073966661
20 45 0 56.6669972229924
21 45 0 35.0847243924182
22 45 0 51.9569168832979
23 45 0 26.3682416453065
44 45 0 95.1879139111338
58 45 0 14.1404284734319
61 45 0 119.314344804179
62 45 0 71.8792330495498
76 45 0 101.437741731091
94 45 0 38.6755960425629
96 45 0 93.778127780264
97 45 0 129.863284647079
118 45 0 90.127402397555
137 45 0 22.6598915582464
18 46 0 31.9480760424798
19 46 0 67.245279040832
20 46 0 80.5651790183568
23 46 0 80.925700424386
24 46 0 21.5869543071004
38 46 0 114.283132770648
44 46 0 72.6205154358487
58 46 0 5.76444507326644
62 46 0 63.7685797535873
63 46 0 57.8278067536909
64 46 0 88.5152797323285
65 46 0 119.335352728773
76 46 0 74.3926544524383
94 46 0 50.8674590931373
97 46 0 129.704572191335
117 46 0 117.309870072566
118 46 0 105.00819259459
136 46 0 154.41010738389
137 46 0 85.8238367015116
138 46 0 43.2116490106466
18 47 0 68.2246277006544
19 47 0 51.9884525225303
24 47 0 91.3136222530293
25 47 0 65.5975911374082
26 47 0 54.2706695011558
36 47 0 85.7043999880706
37 47 0 86.7061124974804
38 47 0 87.4487455150781
39 47 0 75.3720370753232
40 47 0 77.914821774925
41 47 0 77.5795999188202
42 47 0 74.7559250618684
43 47 0 66.7786329285047
44 47 0 64.6358672841408
58 47 0 23.8856420246102
59 47 0 31.1548083082735
65 47 0 123.753085777168
76 47 0 77.4232442768306
77 47 0 98.7459031114974
93 47 0 99.6077484425861
94 47 0 56.6837040455913
95 47 0 118.601323463606
117 47 0 76.551951601544
136 47 0 86.801719730201
137 47 0 40.7310822411445
19 48 0 24.7422609627008
26 48 0 46.6480542612404
27 48 0 24.1151391518123
44 48 0 75.8847488304249
58 48 0 36.1310655105147
59 48 0 20.8328649918886
77 48 0 96.410184466091
78 48 0 167.74513529084
95 48 0 48.2257597440731
117 48 0 69.4899610076686
136 48 0 87.2913946953648
137 48 0 75.0969705171415
19 49 0 27.7765440435467
27 49 0 35.449337336236
59 49 0 6.78413462064868
60 49 0 5.79694390834435
61 49 0 30.2034728091432
78 49 0 123.52459579484
95 49 0 55.3409071514544
117 49 0 71.1956908977637
136 49 0 114.726059519079
137 49 0 32.4663011181687
19 50 0 73.5110994502404
20 50 0 26.80332802838
27 50 0 50.5487283068999
28 50 0 134.455654933333
58 50 0 8.91558784374123
59 50 0 59.4207861267452
61 50 0 37.3801808622864
62 50 0 8.46320203392486
78 50 0 80.3235581443222
79 50 0 177.992995338194
95 50 0 41.7456823250995
96 50 0 107.442395646224
117 50 0 83.4185476268453
136 50 0 129.811429459035
137 50 0 60.3112412415052
19 51 0 30.6894355239747
20 51 0 68.838618039465
28 51 0 37.9591439479323
29 51 0 89.4769215974209
30 51 0 107.595867009996
58 51 0 47.8698097192318
62 51 0 24.1437302965203
63 51 0 7.61364443771629
79 51 0 100.45660538308
96 51 0 65.4693015046226
117 51 0 130.470299537905
118 51 0 184.852853825172
136 51 0 124.096483397908
137 51 0 71.7671883905376
18 52 0 79.9260633525905
19 52 0 54.7525743576632
30 52 0 39.3602868008475
56 52 0 12.4219169246634
57 52 0 11.1489045543308
58 52 0 14.0512862258094
63 52 0 18.1567851627924
64 52 0 55.8281847703711
79 52 0 95.0299698644191
96 52 0 62.795248040735
118 52 0 106.946052247412
136 52 0 139.653116839705
137 52 0 99.4494908127469
18 53 0 41.2656166174555
30 53 0 99.6803418819798
31 53 0 49.3868218663784
55 53 0 18.543379446761
56 53 0 105.429295475362
63 53 0 11.8873506359259
79 53 0 160.218885057554
80 53 0 103.369059142193
96 53 0 56.8985299490451
118 53 0 127.591945430283
119 53 0 165.279310223337
136 53 0 79.0120205244872
17 54 0 31.6064948137079
18 54 0 63.1109561409843
31 54 0 79.8066431745099
32 54 0 99.4816899282352
53 54 0 64.7733897762166
54 54 0 26.1424970911083
55 54 0 100.394801105432
61 54 0 17.5919630627686
62 54 0 11.0505816211067
63 54 0 58.1970784435691
79 54 0 87.6716677921821
80 54 0 178.279954517045
96 54 0 125.393457956273
97 54 0 67.435016613932
98 54 0 119.937979762333
119 54 0 105.96549142756
120 54 0 208.616483037271
133 54 0 163.319382419647
134 54 0 67.0137592468773
135 54 0 55.828050710365
136 54 0 83.6711016616615
16 55 0 47.7339802788577
17 55 0 67.8489251988291
32 55 0 108.814006536215
33 55 0 58.8703384265114
52 55 0 48.9543721811093
53 55 0 62.0951854971131
61 55 0 7.25639497786153
79 55 0 110.768839595922
80 55 0 129.890814232004
98 55 0 89.0484846756159
99 55 0 97.7180673237188
120 55 0 163.49643586365
133 55 0 138.666188650892
134 55 0 99.4694310955187
15 56 0 38.3137260619869
16 56 0 59.3624409976897
33 56 0 60.550757747503
50 56 0 82.3621217010018
51 56 0 65.6944191553042
52 56 0 119.86363936327
61 56 0 13.3442672982306
62 56 0 14.1439809565701
65 56 0 37.3832403857774
66 56 0 124.126853227736
79 56 0 135.117943477031
80 56 0 137.050660175851
81 56 0 140.670522503049
82 56 0 99.5163950986377
83 56 0 197.003142604822
99 56 0 93.0307198504018
100 56 0 129.846124224188
120 56 0 121.269182822166
121 56 0 133.293889610444
122 56 0 203.961888861491
132 56 0 204.092743873478
133 56 0 188.567066519377
15 57 0 35.6272151960872
33 57 0 84.5899396929799
34 57 0 110.115175273677
62 57 0 64.5447284377764
63 57 0 15.7678112268393
64 57 0 9.34901851542817
65 57 0 9.88607600899413
66 57 0 16.2786664363685
67 57 0 18.6425219386419
82 57 0 156.076909252935
83 57 0 131.153896475152
100 57 0 78.6611235572307
122 57 0 168.102666950994
132 57 0 179.599111888415
15 58 0 70.3832905172901
16 58 0 53.9870154738076
34 58 0 88.0480900437762
35 58 0 82.0544972736874
65 58 0 11.1128760854732
67 58 0 70.3809686906561
68 58 0 9.92392539063908
69 58 0 9.83768784501118
70 58 0 11.9604911315831
82 58 0 167.843472659874
83 58 0 149.102477115578
84 58 0 172.109480002767
100 58 0 92.7882268634204
122 58 0 256.977375197173
123 58 0 251.216268396872
131 58 0 185.794643483795
132 58 0 214.251191052583
16 59 0 62.774119197319
17 59 0 71.8088367506907
34 59 0 90.486922708812
35 59 0 131.005704658172
65 59 0 39.8923197011493
69 59 0 113.139497753981
70 59 0 18.9971937729131
84 59 0 166.594471117217
85 59 0 123.388888446203
100 59 0 128.381142165619
101 59 0 91.1715822864769
123 59 0 220.499090946885
132 59 0 153.522370505225
17 60 0 62.6620301715218
18 60 0 70.6166754717103
35 60 0 103.440603407585
65 60 0 17.0664326239747
69 60 0 51.3229950937334
70 60 0 41.7841862063835
85 60 0 154.496794492273
101 60 0 109.080608845709
102 60 0 122.307417037383
104 60 0 192.042918951149
105 60 0 169.961537112277
132 60 0 158.691555490323
133 60 0 235.372951476172
18 61 0 47.9649257623075
35 61 0 112.219114081122
65 61 0 28.334924851786
66 61 0 52.4686997030634
70 61 0 11.6588192894845
71 61 0 53.1948797185419
85 61 0 196.954426402398
102 61 0 138.814757061541
103 61 0 148.734930927282
104 61 0 146.144417743282
105 61 0 114.319622921718
106 61 0 154.037280713971
107 61 0 193.223534967066
108 61 0 162.468907606781
133 61 0 158.908745973172
134 61 0 199.252555984127
18 62 0 50.3589701740616
19 62 0 103.326878490869
34 62 0 66.8336198165457
35 62 0 119.456336563985
65 62 0 27.9202238319559
66 62 0 11.8591338742413
71 62 0 18.0024643152276
84 62 0 134.668280727992
85 62 0 203.628123614726
105 62 0 182.388365111247
106 62 0 134.062270961089
134 62 0 129.376821860188
19 63 0 63.6668288943895
31 63 0 75.7830937145967
32 63 0 70.8771217763116
33 63 0 88.302459531292
34 63 0 56.0903044587156
66 63 0 11.7183291644379
71 63 0 92.705884191573
72 63 0 36.0240674271961
73 63 0 80.3782195330253
85 63 0 130.553328171658
106 63 0 146.636405127887
107 63 0 120.937263131527
108 63 0 176.474882855164
134 63 0 152.301683340647
19 64 0 42.0017854221564
29 64 0 74.7910123675011
30 64 0 77.9883092972108
31 64 0 132.611085033547
33 64 0 76.7580909773758
34 64 0 98.6752956780861
46 64 0 87.3917884202892
65 64 0 35.6939565443358
66 64 0 23.2957677119686
72 64 0 80.3571020015605
73 64 0 25.0257861862343
85 64 0 191.620120427708
86 64 0 155.752571724231
87 64 0 185.427193140661
88 64 0 216.042648629704
108 64 0 154.639991116673
134 64 0 149.0124821809
12 65 0 86.3547887637986
13 65 0 88.5546604485399
14 65 0 122.634895402304
19 65 0 45.8064759598879
20 65 0 113.925789210243
29 65 0 128.678290144649
46 65 0 141.048694709416
47 65 0 81.8713338595392
66 65 0 20.5913744233929
67 65 0 35.7755308442795
71 65 0 16.4685249169882
72 65 0 15.75809424011
73 65 0 23.3550205054235
87 65 0 194.573993922905
88 65 0 155.482980636251
89 65 0 182.470736947907
108 65 0 189.839120225117
109 65 0 162.652174889731
134 65 0 133.960770705913
10 66 0 60.2905745434155
11 66 0 90.2259761297392
12 66 0 104.29344465549
14 66 0 81.493258458923
15 66 0 61.292931905522
16 66 0 109.494368250245
19 66 0 60.6021608793187
20 66 0 69.9980852293578
47 66 0 146.987254204997
48 66 0 80.2833011251763
66 66 0 22.0539804823421
67 66 0 31.1494582178943
71 66 0 41.9579521428497
89 66 0 221.835186662371
90 66 0 191.110430835023
91 66 0 146.125480581979
109 66 0 169.905745550367
132 66 0 204.963829952904
133 66 0 148.617485842717
134 66 0 181.235495824485
10 67 0 49.3367217589926
16 67 0 45.0705603517109
18 67 0 48.1969524425819
19 67 0 46.0746572700788
48 67 0 135.391292550332
49 67 0 62.9009258826315
66 67 0 26.436313003736
71 67 0 54.7095261705599
72 67 0 75.4848877827248
91 67 0 199.459806614747
92 67 0 147.930674125058
93 67 0 184.808304067397
109 67 0 199.68607302514
110 67 0 143.257081139257
111 67 0 228.694398927307
132 67 0 160.186519459744
9 68 0 53.6470806157657
10 68 0 90.6151881321034
16 68 0 91.0321199892477
17 68 0 43.6592020129019
18 68 0 131.427463259771
43 68 0 123.061886697298
44 68 0 68.4787499718935
45 68 0 68.9835561466383
46 68 0 62.9547184187187
47 68 0 108.742336258869
48 68 0 130.401760711785
49 68 0 94.14721822718
50 68 0 116.327545679125
65 68 0 26.4058985869905
66 68 0 27.4775638412385
72 68 0 28.3872278954032
73 68 0 65.3511101863443
93 68 0 146.967768375865
111 68 0 144.520126867577
112 68 0 239.663228369641
132 68 0 226.804186943926
9 69 0 58.5663546211518
17 69 0 58.749811145132
42 69 0 73.7699980325558
43 69 0 80.2303333507035
48 69 0 105.22987676742
49 69 0 54.6961176073166
50 69 0 70.9238960409487
51 69 0 137.445611172191
64 69 0 18.8096581476037
65 69 0 29.5564833352038
73 69 0 18.6511693062014
93 69 0 169.389978356086
94 69 0 209.446721619621
112 69 0 178.170471637247
132 69 0 158.957033761142
8 70 0 63.6039656712836
9 70 0 139.749795477476
17 70 0 44.5596159781072
51 70 0 64.6523361970985
52 70 0 56.7125522715196
53 70 0 99.4057505165212
64 70 0 32.941539304722
65 70 0 20.7023977953141
72 70 0 18.3198870158547
73 70 0 85.3967856839506
94 70 0 201.994467140684
95 70 0 213.065983098248
112 70 0 196.372846487407
113 70 0 155.706124391038
114 70 0 174.363353391517
131 70 0 214.864124239089
132 70 0 176.256182153711
8 71 0 105.153535363486
9 71 0 128.683381841235
17 71 0 49.5429898979948
18 71 0 88.3453751982548
53 71 0 60.0532094211297
54 71 0 58.7230143594289
55 71 0 113.794622154644
65 71 0 18.2413145821901
71 71 0 69.0132598297831
72 71 0 32.6874463191803
95 71 0 236.525261690945
113 71 0 184.733621709409
114 71 0 207.254769225637
131 71 0 158.740355342016
9 72 0 71.6452198945753
17 72 0 47.0754140649781
18 72 0 74.1335287901558
55 72 0 88.3608832883811
56 72 0 61.8671434648192
65 72 0 29.490512408049
66 72 0 54.6723513370914
72 72 0 29.8257332487417
73 72 0 22.8429558975824
74 72 0 81.9329620275013
95 72 0 199.971612360034
96 72 0 191.370111776626
97 72 0 200.026146099716
113 72 0 202.774218834603
114 72 0 207.818879381186
131 72 0 175.787681391189
18 73 0 59.9941064473933
19 73 0 54.2100613770394
20 73 0 61.8233433739824
21 73 0 50.3483966651805
22 73 0 49.9354369317707
56 73 0 79.5006274138156
57 73 0 35.9796025944524
58 73 0 57.3153905995677
66 73 0 30.2362521489215
74 73 0 22.7903265515208
75 73 0 77.767127363538
95 73 0 207.958774836259
97 73 0 178.631713757544
114 73 0 159.319131666201
115 73 0 199.527295991531
131 73 0 211.207614070613
132 73 0 246.249998736065
22 74 0 54.3820470865411
58 74 0 53.1613383999803
59 74 0 43.9258340940352
60 74 0 121.129459151584
66 74 0 49.5031764416726
74 74 0 71.897178067811
75 74 0 70.8643147620047
97 74 0 197.927383578589
98 74 0 234.63987806313
113 74 0 235.808246866535
114 74 0 184.689922878583
115 74 0 179.560859231578
131 74 0 196.620364333652
132 74 0 202.200425842186
21 75 0 63.4974357035132
22 75 0 106.675933155003
60 75 0 29.5346162391726
61 75 0 81.162650386741
64 75 0 24.827328312278
65 75 0 23.2116255850639
66 75 0 89.0031884732707
74 75 0 84.5941821341257
75 75 0 32.2995239123331
98 75 0 196.606978330848
112 75 0 232.902035685106
113 75 0 172.871881232773
115 75 0 206.293833783824
116 75 0 197.070406778614
131 75 0 165.484929219193
22 76 0 65.2772527493668
61 76 0 65.6704106320388
62 76 0 24.52794102983
63 76 0 26.9806979271808
64 76 0 100.964324813901
75 76 0 72.3537799183142
76 76 0 19.3265034363032
77 76 0 24.8801883069731
78 76 0 64.2607722763432
98 76 0 182.613344261264
110 76 0 271.227236582735
111 76 0 190.592522390183
112 76 0 255.971724596537
116 76 0 230.339459130136
117 76 0 202.4860532747
131 76 0 175.690484416616
132 76 0 214.360495621604
41 77 0 148.097516877443
63 77 0 43.7448717174317
64 77 0 90.8768481842305
77 77 0 82.5356266657597
78 77 0 19.486953202757
81 77 0 78.0122258527463
98 77 0 196.866943741431
110 77 0 210.588620569645
117 77 0 213.908341721727
118 77 0 197.85587570733
119 77 0 199.110370138867
132 77 0 169.455999746911
39 78 0 109.150906870223
40 78 0 110.92585891533
41 78 0 161.863230548635
42 78 0 106.79165322391
43 78 0 153.531710739785
64 78 0 40.0875802785433
65 78 0 28.8260937197765
76 78 0 21.5457506352136
77 78 0 109.983108716568
78 78 0 29.7575910427741
79 78 0 71.963601600821
80 78 0 20.1484730885033
81 78 0 22.1277379742703
98 78 0 220.234493192606
99 78 0 255.846365802704
110 78 0 249.793893968844
119 78 0 217.691617302961
120 78 0 207.4924120359
132 78 0 175.855737296875
133 78 0 196.30058290857
43 79 0 110.688214699178
44 79 0 149.085731304608
65 79 0 24.6727618518267
76 79 0 54.6239752360825
79 79 0 23.6221303638907
80 79 0 49.5905317574159
81 79 0 64.5484477328903
99 79 0 213.402867874978
100 79 0 282.117992589082
120 79 0 229.907063446264
121 79 0 227.074115574395
133 79 0 205.037208138026
134 79 0 181.344382775451
44 80 0 144.350567350944
45 80 0 103.896081152712
64 80 0 26.5393873169846
65 80 0 49.8930974617993
75 80 0 32.1877490626171
76 80 0 133.994132998295
81 80 0 63.6034703423162
100 80 0 246.345624613546
121 80 0 215.329855409391
122 80 0 214.605086184766
134 80 0 176.294414260356
45 81 0 127.278204782988
46 81 0 158.961933937974
60 81 0 43.2084662270508
61 81 0 37.2804483929986
62 81 0 34.2185757565312
63 81 0 33.4428653053796
64 81 0 28.3656407168178
81 81 0 21.1716976691014
82 81 0 75.9048689252644
99 81 0 257.441327355761
100 81 0 310.747236307669
122 81 0 200.042912071735
134 81 0 192.919614072569
46 82 0 95.1246598583614
47 82 0 139.572529229592
60 82 0 41.4276026170789
62 82 0 49.1113119162729
63 82 0 45.2765103535678
82 82 0 42.6696190295433
83 82 0 42.4494395570731
84 82 0 78.5464930605415
99 82 0 226.256001854786
100 82 0 290.297738826593
122 82 0 209.535781932095
134 82 0 239.180163314552
135 82 0 196.982000142977
47 83 0 115.463491277376
57 83 0 52.8845682998117
58 83 0 40.4238823213061
59 83 0 32.7654365633692
60 83 0 92.3043044455431
83 83 0 90.8949477952795
84 83 0 42.2401235536868
85 83 0 45.7541181429054
100 83 0 240.754910929754
101 83 0 313.743417805599
135 83 0 187.492691401123
197 83 0 85.310373847225
198 83 0 64.8011081823905
47 84 0 118.160204482863
48 84 0 137.594010022204
57 84 0 44.0050318341501
58 84 0 44.3378715881196
59 84 0 39.5183301988059
83 84 0 58.1182724748399
84 84 0 28.3877221168457
85 84 0 71.1086080685929
101 84 0 288.718687244187
135 84 0 195.440908744998
196 84 0 165.35856468318
197 84 0 48.5779296770836
48 85 0 70.0265393447867
49 85 0 140.183798088848
57 85 0 33.1590467731066
59 85 0 45.8444978667303
60 85 0 38.2384903402067
83 85 0 26.3211792515202
101 85 0 262.280663950275
102 85 0 310.540296381069
135 85 0 203.719910058389
136 85 0 223.632257512285
196 85 0 48.6387643990561
46 86 0 155.388116134434
47 86 0 89.2383511519854
48 86 0 176.840445267656
49 86 0 125.375291296336
50 86 0 143.648686565538
51 86 0 95.7640735633206
57 86 0 88.1908443521275
60 86 0 84.0865642352146
61 86 0 81.4351401836274
82 86 0 42.3864703245847
83 86 0 64.8232944204423
102 86 0 289.657906016099
103 86 0 307.164502292904
136 86 0 219.371891150586
137 86 0 188.522014192839
196 86 0 51.0425116729121
197 86 0 122.705765174114
46 87 0 114.419403261708
51 87 0 124.295939661592
52 87 0 132.511962188861
56 87 0 65.2256152195908
57 87 0 127.126567478106
61 87 0 84.6966912455183
62 87 0 77.3727204458261
82 87 0 25.1019119814917
103 87 0 329.583883709523
104 87 0 281.692317016258
105 87 0 340.885476845362
137 87 0 193.942307672921
197 87 0 55.179617499282
45 88 0 108.476086865396
46 88 0 170.087131534547
52 88 0 93.165923089981
53 88 0 68.7594562314879
56 88 0 49.5686473055013
62 88 0 61.8201835304077
79 88 0 46.9450168056571
80 88 0 45.3155602816085
81 88 0 28.2383461147775
82 88 0 67.7866202628109
105 88 0 287.657669803098
106 88 0 339.225643586446
135 88 0 260.78958597361
136 88 0 219.417577542987
137 88 0 222.228433273506
194 88 0 113.725548634876
195 88 0 64.3003891580776
196 88 0 61.2649131628469
197 88 0 81.78768858887
45 89 0 94.1666519735894
53 89 0 163.688894273161
54 89 0 60.6524988358374
55 89 0 56.2396284142397
56 89 0 140.441639462814
62 89 0 47.330545768588
78 89 0 37.5898884310363
79 89 0 103.412880410397
82 89 0 33.1243252172402
83 89 0 30.6068380853961
84 89 0 24.9682348695146
85 89 0 23.4122858646325
86 89 0 72.4405819702131
106 89 0 325.45964928649
135 89 0 213.172598638951
137 89 0 221.707299750489
138 89 0 233.323554998817
194 89 0 61.4843320554949
43 90 0 94.6591646571357
44 90 0 82.7438295680041
45 90 0 163.063500405505
62 90 0 47.6855029778486
77 90 0 71.6399508049519
78 90 0 45.4386534836135
86 90 0 23.6300729586081
87 90 0 102.181208656537
106 90 0 376.826815785351
107 90 0 306.078484737133
135 90 0 246.785740864466
136 90 0 280.786250201304
138 90 0 219.924000459481
139 90 0 243.339302865859
194 90 0 112.886432034452
195 90 0 61.6158650432588
43 91 0 92.0361798918794
61 91 0 51.424479373567
62 91 0 80.2886023554932
77 91 0 61.8615136177031
78 91 0 86.2554463864182
87 91 0 27.8007577826968
88 91 0 24.011296307197
89 91 0 37.8815423842479
107 91 0 352.590765178786
136 91 0 220.428203552282
139 91 0 212.478966095347
195 91 0 71.2977996211052
31 92 0 133.437302014439
32 92 0 131.377622135563
33 92 0 121.753927183125
34 92 0 128.433893948815
38 92 0 106.763957643616
39 92 0 143.881447143276
40 92 0 149.024970765023
41 92 0 124.477325838312
42 92 0 95.9608252931072
43 92 0 88.1659725126757
60 92 0 105.715576468767
61 92 0 136.579429322273
77 92 0 63.6284436100688
78 92 0 105.298423206524
89 92 0 24.4181595303529
90 92 0 107.994490052264
106 92 0 302.49299320672
107 92 0 355.924380994631
136 92 0 222.147309506064
139 92 0 206.478712523667
193 92 0 88.6959407567769
194 92 0 85.5101535733642
195 92 0 61.3023179561456
4 93 0 90.3106982349218
5 93 0 131.734904700875
34 93 0 136.646387784101
35 93 0 145.716166530716
37 93 0 134.31719889858
38 93 0 136.750090855864
43 93 0 90.8701744203356
60 93 0 90.7506586213271
61 93 0 123.993263753912
78 93 0 64.3551849257935
87 93 0 33.0814447944195
88 93 0 24.6740460021743
89 93 0 25.2010969682735
90 93 0 94.4757879506936
136 93 0 229.269333062749
139 93 0 228.237231820436
140 93 0 220.4140530545
141 93 0 252.9415311094
191 93 0 100.699921868838
192 93 0 105.808553686968
193 93 0 117.410417271477
195 93 0 107.600370675742
4 94 0 126.859129688976
5 94 0 70.0168317139859
35 94 0 121.935071097607
36 94 0 135.295907351661
37 94 0 170.737516210997
43 94 0 138.228681920647
60 94 0 88.5874536351174
61 94 0 111.45694254539
78 94 0 56.2944930680464
87 94 0 35.9919799423482
135 94 0 255.888381778049
136 94 0 294.377138928766
141 94 0 258.080890734656
142 94 0 217.158175973137
191 94 0 66.2715534298732
192 94 0 113.863441186955
195 94 0 180.729763834272
4 95 0 77.9317329894574
5 95 0 93.1548299551011
6 95 0 109.011110851295
18 95 0 172.537925149716
19 95 0 239.050095305251
43 95 0 91.8771728996403
60 95 0 65.9599809458032
87 95 0 35.8352795440028
135 95 0 271.649812365796
142 95 0 272.024512831696
143 95 0 222.780274894788
190 95 0 122.481313253199
191 95 0 142.141551780897
192 95 0 147.707236860352
195 95 0 193.980453310184
4 96 0 74.4539918134534
5 96 0 121.977024651827
6 96 0 105.045794696827
19 96 0 177.887204808241
43 96 0 95.97603952953
44 96 0 173.231818790245
60 96 0 114.131844794805
61 96 0 111.305794767322
87 96 0 47.1836436093864
88 96 0 46.1850325594059
89 96 0 59.9196811233782
90 96 0 102.10902098125
135 96 0 284.771287898618
143 96 0 248.290855841642
144 96 0 232.490304085726
190 96 0 134.546240825146
191 96 0 75.7584085389514
192 96 0 69.1014066565173
195 96 0 321.94926508899
196 96 0 270.091181888527
6 97 0 100.790922486136
7 97 0 72.9522982453648
8 97 0 143.519193468266
19 97 0 184.40897740766
20 97 0 237.480938812825
44 97 0 134.143765762645
61 97 0 77.7146013866185
90 97 0 28.9411179355484
91 97 0 129.599580778931
135 97 0 291.602719744162
136 97 0 317.758184478752
144 97 0 245.970631324491
145 97 0 242.813012923769
190 97 0 156.788323214101
191 97 0 85.6271691555413
196 97 0 390.993115923828
197 97 0 395.57158647556
198 97 0 460.151428187449
6 98 0 109.568225930714
7 98 0 76.3438275598661
8 98 0 128.090347976932
12 98 0 87.5606416314317
13 98 0 87.1439605589743
14 98 0 98.5872085923442
15 98 0 123.240369241358
20 98 0 204.838954923013
44 98 0 188.397160558401
61 98 0 165.052392550411
62 98 0 109.224146399119
91 98 0 28.8298317926353
136 98 0 320.927967194522
137 98 0 331.147664063293
145 98 0 275.790061679779
146 98 0 292.455012441195
159 98 0 233.241863747483
190 98 0 118.476246011002
191 98 0 135.501083274158
198 98 0 499.584594644065
199 98 0 505.009827227088
6 99 0 87.0348492950257
8 99 0 85.6681305940531
9 99 0 81.3757397328241
10 99 0 96.6405649031013
11 99 0 80.1806668384418
12 99 0 127.375036026299
13 99 0 175.564398909738
14 99 0 155.63677804171
15 99 0 136.408913941803
16 99 0 145.047894957813
20 99 0 134.835415525741
44 99 0 130.96218215084
61 99 0 140.382188117549
62 99 0 101.428525863773
91 99 0 107.08189170517
92 99 0 41.6033707059006
93 99 0 105.565550405989
136 99 0 353.06428325667
137 99 0 295.672628313515
146 99 0 293.393871083984
147 99 0 252.491047640438
148 99 0 303.068741604031
159 99 0 219.945311267464
190 99 0 116.042939365831
6 100 0 115.57481782159
7 100 0 83.8015536556053
8 100 0 161.475755417303
15 100 0 128.515119147751
16 100 0 167.937705349603
20 100 0 150.437026218359
44 100 0 170.213480136248
45 100 0 120.217670807146
62 100 0 70.8922866857521
92 100 0 65.1928030368082
93 100 0 105.545136915685
136 100 0 292.788644874277
137 100 0 351.274402073637
148 100 0 266.515370236759
149 100 0 320.714200487694
159 100 0 246.449899981402
160 100 0 251.630130520902
190 100 0 90.078984630941
14 101 0 114.193411759449
15 101 0 151.508119618285
20 101 0 148.195021406114
21 101 0 167.405465963475
22 101 0 187.567256755989
45 101 0 152.418426968343
62 101 0 132.071961451549
83 101 0 62.7624617553164
84 101 0 57.2083777435927
91 101 0 51.2907292720468
92 101 0 36.8594107310438
137 101 0 318.415966804594
149 101 0 278.301544351738
159 101 0 244.239612375418
160 101 0 208.042005281861
161 101 0 231.808903233355
182 101 0 99.8414570767413
183 101 0 118.17229251342
188 101 0 202.087820506851
189 101 0 94.5754995860174
190 101 0 186.665873452579
14 102 0 97.4294005548659
15 102 0 113.579401659917
16 102 0 101.352839038305
17 102 0 100.812138214126
18 102 0 116.458820259188
19 102 0 123.013808788427
20 102 0 124.927118830846
21 102 0 151.941214598223
22 102 0 112.32508811832
45 102 0 153.575308568774
62 102 0 90.9504732090769
79 102 0 84.6873319598581
80 102 0 71.9179745817577
81 102 0 66.5477401947184
82 102 0 77.4979989662293
83 102 0 115.253881273113
84 102 0 60.4026670180459
85 102 0 70.5768939435718
86 102 0 59.6867541741239
87 102 0 80.0439618230778
90 102 0 47.6513482384607
91 102 0 34.4006239848422
137 102 0 323.430127661062
149 102 0 281.11788782895
157 102 0 255.651297272819
158 102 0 218.240577331645
159 102 0 269.235473148203
161 102 0 232.82726544469
162 102 0 189.613291450348
181 102 0 122.077022577327
182 102 0 171.522585927599
183 102 0 121.4249000892
188 102 0 98.8158577747303
189 102 0 178.265714705639
14 103 0 98.5566704171099
15 103 0 124.979366406822
18 103 0 115.283381862715
19 103 0 156.795419388481
20 103 0 190.665263941471
21 103 0 165.235629159454
22 103 0 115.940298475453
44 103 0 119.581792001006
45 103 0 193.010515279711
62 103 0 81.0973181264754
79 103 0 86.9555447034033
87 103 0 63.5145655212748
88 103 0 51.1725280664206
89 103 0 50.923199887027
90 103 0 34.5657826287073
91 103 0 72.9641824077645
118 103 0 199.878812261765
137 103 0 385.592563139313
149 103 0 328.702956112196
157 103 0 233.846540873292
162 103 0 213.830949302331
163 103 0 238.852435460522
180 103 0 104.603505240407
181 103 0 194.892580825227
183 103 0 147.063610362409
184 103 0 136.341669735398
185 103 0 144.63578503291
186 103 0 100.278849335506
187 103 0 94.405543634144
188 103 0 148.507443290607
189 103 0 102.586882998715
14 104 0 159.312240760342
15 104 0 167.653520408367
21 104 0 144.086406312826
22 104 0 114.727768840258
23 104 0 118.621890077761
24 104 0 223.371507413805
44 104 0 198.17501736651
45 104 0 150.444784963829
61 104 0 141.91756228536
62 104 0 129.818535072396
78 104 0 81.6279220666961
79 104 0 134.462809491846
89 104 0 60.0632505342213
90 104 0 44.4910556613755
91 104 0 48.8712761868666
118 104 0 186.768911952263
137 104 0 427.109711101756
149 104 0 311.088584682679
163 104 0 171.198721661877
164 104 0 190.288605039337
178 104 0 129.092965116317
179 104 0 124.28773230402
180 104 0 167.634986141415
184 104 0 143.554716035263
185 104 0 154.677091488271
189 104 0 106.954803338863
190 104 0 184.227480730041
15 105 0 126.884555925916
23 105 0 117.309130416225
24 105 0 137.792150100252
25 105 0 129.601563970053
44 105 0 146.566335156578
45 105 0 144.795271245616
61 105 0 137.46596510959
62 105 0 125.193290888003
77 105 0 105.827473398805
78 105 0 159.17350554903
90 105 0 48.4526233913702
91 105 0 60.2759762827564
92 105 0 37.806813538925
93 105 0 73.2884448713883
118 105 0 213.56161851723
119 105 0 198.539160860239
137 105 0 407.213326113816
149 105 0 303.555733900067
164 105 0 195.451745621771
165 105 0 170.979574911608
166 105 0 196.114805146474
177 105 0 124.638026328245
178 105 0 189.6492686154
190 105 0 103.061306446615
15 106 0 137.555815238833
16 106 0 177.977434969013
23 106 0 143.768846953748
24 106 0 164.032920061097
25 106 0 124.596736467815
26 106 0 143.315465861756
44 106 0 197.706155458961
62 106 0 109.868605529163
77 106 0 96.8290460708972
93 106 0 34.540020289402
119 106 0 145.620965865254
166 106 0 156.261403954859
167 106 0 182.836573936801
176 106 0 134.188926124862
177 106 0 140.932766943603
190 106 0 145.159204105372
191 106 0 152.440713405506
192 106 0 114.093481308166
16 107 0 163.968642471193
26 107 0 207.770851548255
27 107 0 138.013499664146
28 107 0 170.369110560662
44 107 0 164.354348800773
45 107 0 121.923587208628
61 107 0 156.797609661846
62 107 0 96.5255270602389
77 107 0 89.1898581964407
93 107 0 48.3081008434363
94 107 0 50.0106183485417
119 107 0 209.058375269114
120 107 0 164.283952041369
167 107 0 151.559693935263
168 107 0 159.80335181301
169 107 0 143.036246572162
170 107 0 137.45302219703
171 107 0 145.301735314895
172 107 0 180.349955667215
176 107 0 106.147077009033
188 107 0 186.005927203893
189 107 0 123.371221790658
190 107 0 170.195029635149
16 108 0 157.291216028713
26 108 0 142.342084967157
27 108 0 138.324717222502
28 108 0 205.841007699686
45 108 0 207.958360556228
46 108 0 130.955079328078
47 108 0 196.208619477264
62 108 0 96.9755370120679
63 108 0 147.284789660142
76 108 0 111.600289771054
77 108 0 169.098362338866
94 108 0 58.3238886870512
95 108 0 37.3265557499688
96 108 0 68.2285692451811
120 108 0 185.567421352788
121 108 0 175.124267680679
172 108 0 122.852324891447
173 108 0 113.493054849338
174 108 0 141.60014991962
175 108 0 108.208835127619
176 108 0 125.507229520778
188 108 0 148.33167349889
16 109 0 188.140701428437
26 109 0 130.454110101296
27 109 0 130.502819780967
28 109 0 138.651654533486
47 109 0 132.361311644223
48 109 0 171.188857810211
63 109 0 127.745931092007
64 109 0 142.405873561697
76 109 0 144.997823721039
77 109 0 113.923864067298
96 109 0 50.6451917578818
116 109 0 149.531554078632
117 109 0 109.18728334364
119 109 0 115.888212790433
120 109 0 138.795299259229
121 109 0 117.251132881946
172 109 0 131.889659884778
176 109 0 132.526335399811
188 109 0 172.933939209774
189 109 0 185.299832101484
28 110 0 165.519633662089
29 110 0 140.931722064309
30 110 0 172.186506702028
48 110 0 142.691854667094
64 110 0 119.141580982674
65 110 0 167.543629770565
77 110 0 102.703125887809
96 110 0 62.5106189092339
97 110 0 39.5870094299316
98 110 0 49.7612150805133
114 110 0 117.09860407157
115 110 0 147.341611341608
116 110 0 95.418079078214
117 110 0 166.951139452907
118 110 0 96.9812113417108
119 110 0 165.192663489499
120 110 0 190.803419165559
121 110 0 101.147902271019
172 110 0 141.641634696261
176 110 0 121.794069306019
189 110 0 162.423859258344
29 111 0 142.627513706082
30 111 0 140.226411707575
47 111 0 171.263457100295
48 111 0 179.540127322108
64 111 0 147.184516227169
65 111 0 104.597209307697
77 111 0 120.080151334326
78 111 0 154.568085788824
98 111 0 45.1029583641274
115 111 0 139.581672554444
116 111 0 105.332138102492
121 111 0 173.291685748525
122 111 0 116.976865305307
166 111 0 174.029070937813
167 111 0 137.847641080347
168 111 0 161.858996203994
169 111 0 148.083583785501
170 111 0 138.379799530168
171 111 0 122.111173709895
172 111 0 132.001747925302
176 111 0 171.566315575703
177 111 0 119.846904364767
178 111 0 169.236462866916
189 111 0 189.142199393796
29 112 0 134.884646577733
30 112 0 147.126762814434
31 112 0 194.978706461819
44 112 0 165.542896309822
45 112 0 152.469641765172
46 112 0 152.12927406358
47 112 0 161.323044870666
65 112 0 110.6761636499
66 112 0 126.515066724956
78 112 0 107.841471327901
98 112 0 42.7563502689978
116 112 0 112.01996854261
117 112 0 92.9510972069762
122 112 0 140.902742560158
123 112 0 205.083081792858
166 112 0 151.430010071996
178 112 0 134.186549234636
189 112 0 169.706399933222
31 113 0 143.64828505793
43 113 0 215.779884610502
44 113 0 171.718701056887
66 113 0 126.796616654461
67 113 0 120.699549031039
78 113 0 125.865242567471
79 113 0 185.028239094674
98 113 0 47.0372484422972
99 113 0 43.3859251524552
117 113 0 129.073245209077
118 113 0 181.664325943444
123 113 0 143.672925841343
166 113 0 142.252969970417
178 113 0 176.926606367222
179 113 0 143.024809882257
189 113 0 208.991907739675
30 114 0 172.775944155601
31 114 0 152.907132517652
42 114 0 167.006810904087
43 114 0 189.582675949446
66 114 0 119.440593851489
67 114 0 165.729924805104
79 114 0 110.894407144196
80 114 0 180.938530600049
99 114 0 47.821020773229
100 114 0 43.148294681528
101 114 0 49.0535615898453
118 114 0 103.797055550876
119 114 0 132.490703626531
120 114 0 159.88826441731
123 114 0 106.627860607957
164 114 0 146.760482833923
165 114 0 155.673239159554
166 114 0 212.224789386566
179 114 0 158.026796112091
180 114 0 160.068198205654
189 114 0 180.541751113063
190 114 0 235.942184076793
30 115 0 145.56811854748
66 115 0 121.385974633983
80 115 0 136.014092765355
99 115 0 54.9342236796667
100 115 0 48.5808608944736
101 115 0 44.0517993606066
102 115 0 52.7859786453303
120 115 0 89.8653934181655
123 115 0 142.73823895415
124 115 0 138.267175451638
164 115 0 154.536655457519
165 115 0 227.812691295776
180 115 0 132.786546992259
190 115 0 184.939412070983
191 115 0 268.269750174666
243 115 0 17.3263557932354
244 115 0 11.3212230635261
245 115 0 15.2088972000213
30 116 0 145.72389273515
31 116 0 161.890628379978
32 116 0 163.413546691732
33 116 0 170.526041627891
65 116 0 132.295306105199
66 116 0 143.915223726449
80 116 0 157.255398886219
81 116 0 176.916780519249
98 116 0 72.1680065969021
99 116 0 64.2231913486588
101 116 0 47.1303914925516
120 116 0 121.184110430364
121 116 0 149.174842733777
124 116 0 155.037948499846
125 116 0 121.257539820912
126 116 0 138.568378086844
127 116 0 145.82072280604
165 116 0 170.980521028645
166 116 0 192.621720705145
180 116 0 189.839851440529
181 116 0 161.507378884966
191 116 0 193.968736189318
243 116 0 13.0371025741271
244 116 0 28.055209724789
33 117 0 146.420483781476
65 117 0 130.825547314849
81 117 0 136.469949947987
97 117 0 77.0608152553573
98 117 0 91.2793896609136
101 117 0 50.9368727485793
102 117 0 50.6227868038185
119 117 0 130.365649077773
120 117 0 104.80954108742
121 117 0 94.1688957586699
126 117 0 174.288437279741
127 117 0 163.40035090945
128 117 0 152.768280093684
166 117 0 227.491160835452
167 117 0 194.737576676579
180 117 0 177.391552204252
181 117 0 148.534770171052
191 117 0 233.689780260381
242 117 0 26.3644483579711
243 117 0 16.9671008058624
244 117 0 41.455702444014
32 118 0 170.096153854937
33 118 0 180.661046955078
34 118 0 152.88375182324
65 118 0 150.0662146127
66 118 0 194.460725804218
81 118 0 161.985308132521
97 118 0 132.886811900147
102 118 0 47.1293983641614
103 118 0 48.9406862370467
104 118 0 49.9757630227109
105 118 0 49.2789350680212
106 118 0 48.7916091181639
107 118 0 65.1284266234894
108 118 0 92.7187084814656
119 118 0 171.544867044694
120 118 0 97.6221690088886
121 118 0 111.723466468365
128 118 0 119.524538680909
129 118 0 119.618452695711
130 118 0 126.925358833941
166 118 0 262.461296856637
167 118 0 165.043966931009
168 118 0 162.768334702109
180 118 0 174.21532401119
181 118 0 199.983560129897
182 118 0 163.37543518884
241 118 0 53.4816245182976
242 118 0 58.5942248216883
32 119 0 154.467816415601
34 119 0 201.170365538992
35 119 0 154.88528728956
36 119 0 218.839035549513
66 119 0 153.370158244966
80 119 0 157.138129465336
81 119 0 174.688448073199
108 119 0 73.582844341754
109 119 0 51.2233157144392
119 119 0 90.7674244020435
120 119 0 80.6406474828506
130 119 0 157.46851347524
131 119 0 146.091114198517
168 119 0 165.431473070126
182 119 0 199.493906505852
183 119 0 156.157963661853
241 119 0 20.0441046634558
32 120 0 170.248095115939
36 120 0 155.23624999438
66 120 0 132.765081922603
79 120 0 205.535649888985
80 120 0 220.797086774594
109 120 0 83.5630260610379
110 120 0 84.7410269151185
119 120 0 84.1819919001181
131 120 0 174.323060387182
132 120 0 120.731704933011
133 120 0 148.648922912923
167 120 0 166.974678679688
168 120 0 260.241315102854
183 120 0 238.995729940269
184 120 0 164.822266478002
185 120 0 200.450366710557
240 120 0 97.4032833068678
241 120 0 26.8659090777136
31 121 0 204.845852907793
32 121 0 174.415776881673
36 121 0 199.256790078741
37 121 0 157.997213351871
38 121 0 185.948529457603
66 121 0 141.734655850183
79 121 0 211.207449889243
110 121 0 58.0709373726183
119 121 0 101.95278645652
120 121 0 109.549995703048
133 121 0 145.233134259418
134 121 0 166.567706446383
145 121 0 279.304226133311
146 121 0 286.766629106227
167 121 0 211.629108793714
168 121 0 168.77923992648
185 121 0 206.735670753022
186 121 0 253.190150568279
240 121 0 79.54339894583
241 121 0 62.3683480130088
30 122 0 165.52483120935
31 122 0 177.520507035399
38 122 0 173.868365089056
39 122 0 202.206943954794
66 122 0 163.786752043653
67 122 0 149.621340782664
68 122 0 157.76376554211
77 122 0 221.671171394649
78 122 0 176.907051912574
79 122 0 200.406542227972
110 122 0 67.7085685297524
120 122 0 126.950596146653
134 122 0 144.112889068631
135 122 0 119.670119039402
145 122 0 206.917956522069
168 122 0 169.840356106871
186 122 0 180.443796070055
240 122 0 24.0842176350036
30 123 0 171.045251655893
31 123 0 167.04982380315
39 123 0 167.312657286007
40 123 0 228.58452528995
67 123 0 154.855718866022
68 123 0 155.926129955315
109 123 0 76.510032240935
110 123 0 58.399495268014
112 123 0 86.8958055701949
113 123 0 68.2863911315405
114 123 0 78.1699544030483
115 123 0 59.5052292290236
116 123 0 122.389778151879
119 123 0 72.4475208328214
120 123 0 135.593277437746
135 123 0 185.894472174219
143 123 0 258.991596069559
144 123 0 213.348186919057
145 123 0 233.971598338353
168 123 0 171.31607309389
186 123 0 243.768577057954
187 123 0 207.491468791289
240 123 0 20.8424982164937
31 124 0 169.816028337618
40 124 0 175.498900274097
68 124 0 164.963481679914
69 124 0 152.900466064913
109 124 0 55.1458627627743
112 124 0 58.9819908503336
115 124 0 96.9949994584487
116 124 0 97.0783978629365
118 124 0 72.3300202119108
119 124 0 101.628356448322
120 124 0 122.754863295404
121 124 0 131.03028843523
135 124 0 232.948340544247
136 124 0 152.618740079799
142 124 0 182.120128538349
143 124 0 187.739104830444
168 124 0 191.34397900559
187 124 0 241.095981570058
188 124 0 234.281340817991
240 124 0 24.3873254419015
30 125 0 178.544788321493
31 125 0 248.329184240873
40 125 0 192.158019460828
41 125 0 200.705720949146
69 125 0 151.86199366328
108 125 0 67.4558267732064
109 125 0 75.6006285216496
110 125 0 68.3629648834275
111 125 0 62.9933847028382
112 125 0 101.689971564672
116 125 0 96.6967261102057
117 125 0 61.6175893216453
118 125 0 140.403434877374
119 125 0 85.8990987917316
120 125 0 138.682089279374
136 125 0 167.343891671602
137 125 0 160.974246275565
140 125 0 210.788366844841
141 125 0 202.782465459672
142 125 0 245.011227600969
168 125 0 239.516416662462
188 125 0 195.60795021026
240 125 0 77.0983408121536
241 125 0 25.1162345411807
29 126 0 189.525931320218
30 126 0 184.790388611951
41 126 0 211.463340840418
42 126 0 178.725049832148
43 126 0 196.497350728566
68 126 0 168.266903433567
69 126 0 188.181311910261
70 126 0 160.738527532767
71 126 0 214.871460968719
108 126 0 57.5766579351475
111 126 0 74.6732840298832
116 126 0 102.841809029961
117 126 0 87.0711426160326
120 126 0 97.8670597699805
121 126 0 182.98137037051
137 126 0 145.153135243201
138 126 0 180.797944067482
139 126 0 179.340695981222
140 126 0 173.043888145672
168 126 0 262.600279786821
169 126 0 245.499497241022
241 126 0 23.817607314066
29 127 0 175.411410875424
43 127 0 194.802091160758
44 127 0 192.49877298933
68 127 0 166.917024666275
71 127 0 183.216735823144
87 127 0 358.113739163744
88 127 0 309.345390729063
89 127 0 265.502070552236
90 127 0 247.677511756394
91 127 0 255.218540941539
105 127 0 87.2859567827335
106 127 0 62.8034982428876
107 127 0 60.1639083213221
108 127 0 73.2265244694169
111 127 0 73.2134758925014
121 127 0 107.815849569823
122 127 0 217.939982065246
137 127 0 133.172732570161
138 127 0 130.686469151801
139 127 0 188.630018287066
169 127 0 233.105889191333
241 127 0 68.8360356100904
29 128 0 178.094831207797
43 128 0 216.129448767016
44 128 0 230.402508872531
45 128 0 184.877357166623
46 128 0 224.348401561293
66 128 0 195.959177264015
67 128 0 175.83803206409
68 128 0 166.78056195827
71 128 0 244.375313514499
72 128 0 233.775840831023
86 128 0 345.048779448421
87 128 0 333.868076614236
91 128 0 270.943900474689
92 128 0 266.609732061574
104 128 0 71.9710322796631
105 128 0 65.4905878630147
111 128 0 77.3731933972351
112 128 0 90.7867175255989
122 128 0 122.562767405819
123 128 0 163.164842207286
136 128 0 174.040762002309
137 128 0 188.309852100595
139 128 0 132.906028651096
169 128 0 202.898792278313
241 128 0 67.0785047197037
28 129 0 184.872025647744
29 129 0 213.742221651152
43 129 0 208.001195353566
46 129 0 211.882800853546
47 129 0 231.433970114252
65 129 0 181.104302184201
66 129 0 170.665479556882
72 129 0 226.273249830446
73 129 0 256.442891770614
86 129 0 328.527729173839
92 129 0 203.829027122353
93 129 0 241.166972089638
104 129 0 70.7894127188785
111 129 0 92.3449292440385
112 129 0 91.2813425493898
113 129 0 61.2513620971556
123 129 0 147.88792681852
124 129 0 152.45581562901
135 129 0 233.000590834546
136 129 0 203.069050865057
139 129 0 169.028158509396
140 129 0 204.975176570822
169 129 0 264.921901386539
170 129 0 231.804175273298
241 129 0 56.2072754920799
27 130 0 187.014883439092
28 130 0 217.829377960364
43 130 0 199.25358653918
47 130 0 200.506517545951
48 130 0 235.423872644801
64 130 0 170.918575943284
65 130 0 206.573299142457
73 130 0 246.573923407109
93 130 0 180.216479422467
94 130 0 233.021292912844
99 130 0 219.622274083601
100 130 0 74.4303816397763
101 130 0 90.5975647760613
102 130 0 81.9533675311
103 130 0 87.5856349616668
104 130 0 119.898730889495
113 130 0 77.8711952193119
124 130 0 172.350952087019
125 130 0 181.086423573204
126 130 0 203.411495783635
127 130 0 229.555546398381
135 130 0 221.254306539579
140 130 0 153.059261289078
170 130 0 271.864973323269
171 130 0 244.686502045451
241 130 0 52.1644766691385
242 130 0 27.9948003269683
26 131 0 204.769563849794
27 131 0 225.396135828614
43 131 0 199.616062304935
48 131 0 271.183401035055
49 131 0 204.606415686951
50 131 0 270.228076372108
64 131 0 195.108446347195
65 131 0 179.294032956788
66 131 0 220.154444226981
94 131 0 171.575980439161
95 131 0 182.406955085051
96 131 0 201.535119566327
97 131 0 98.4365950227485
98 131 0 129.668603195942
99 131 0 81.661908095529
113 131 0 74.0336056563983
127 131 0 235.796810423563
128 131 0 233.617732301515
134 131 0 235.854835747399
135 131 0 258.122595872099
140 131 0 176.607460557536
141 131 0 153.986284478048
142 131 0 196.56763693129
171 131 0 235.288846194719
172 131 0 306.568580552019
230 131 0 122.323957120188
242 131 0 54.480281732263
26 132 0 191.96926126145
43 132 0 218.950266848528
50 132 0 250.199477201761
51 132 0 217.281356573097
52 132 0 270.289725529335
66 132 0 206.418012597351
67 132 0 209.994491630931
95 132 0 118.835162573026
96 132 0 135.251745140198
97 132 0 193.957163503812
113 132 0 81.8151950091365
114 132 0 76.0047879204023
115 132 0 101.551120592082
142 132 0 139.988707016786
143 132 0 156.390786748811
144 132 0 168.648925037331
145 132 0 144.549644017815
146 132 0 167.407797525419
148 132 0 185.376215231941
149 132 0 216.176614293897
150 132 0 170.14768331514
151 132 0 193.04390230139
152 132 0 219.695098986677
172 132 0 229.307553754087
230 132 0 148.485336652771
231 132 0 139.528852047917
242 132 0 43.8805140501228
25 133 0 211.961511524237
26 133 0 291.606336221113
43 133 0 209.165357183325
52 133 0 223.26134253043
53 133 0 257.277472015753
67 133 0 194.320894869346
95 133 0 163.621592948007
115 133 0 67.0827866545865
143 133 0 157.108839967779
144 133 0 143.726603467709
145 133 0 173.540484303987
146 133 0 171.448932355204
147 133 0 158.246456788954
148 133 0 184.63546613878
149 133 0 151.210874242264
150 133 0 237.890168866718
151 133 0 196.785631423513
152 133 0 225.400257398816
153 133 0 179.698129829499
154 133 0 234.009446094869
172 133 0 305.57141061877
173 133 0 280.359824056811
174 133 0 238.317360653359
231 133 0 108.384559601141
232 133 0 159.760588430346
242 133 0 33.0773857272898
25 134 0 200.809119221795
26 134 0 245.987411807398
43 134 0 218.550473842051
53 134 0 267.712786430936
54 134 0 236.427132063849
67 134 0 206.283086669725
68 134 0 244.937160472978
95 134 0 239.388467376386
96 134 0 122.394740607659
97 134 0 206.200939271988
115 134 0 78.79262110989
116 134 0 84.1589059330537
145 134 0 169.591601814434
146 134 0 172.881768150277
147 134 0 144.748814466719
148 134 0 193.661720018962
149 134 0 185.026504802094
154 134 0 169.766422545925
155 134 0 174.691968343138
156 134 0 185.564476463675
157 134 0 218.974214293772
174 134 0 259.712587196785
232 134 0 72.5693111008207
242 134 0 34.2728124780923
26 135 0 218.489560044687
27 135 0 290.68403649399
43 135 0 234.590862255928
54 135 0 279.974184698255
55 135 0 242.133016012639
68 135 0 200.665241035672
96 135 0 161.620732684671
97 135 0 133.116713593462
116 135 0 70.6263144384189
117 135 0 73.1278810057305
146 135 0 144.385187716056
147 135 0 169.115919350051
149 135 0 175.792839039651
150 135 0 195.831772697479
157 135 0 282.11473883868
158 135 0 188.596634865198
174 135 0 230.71849269891
175 135 0 232.313474915867
176 135 0 328.227920268439
232 135 0 114.454292283782
233 135 0 167.836956871553
236 135 0 101.107448255868
241 135 0 42.0483379125104
242 135 0 36.0398159328594
27 136 0 202.470287737684
28 136 0 271.102930225657
43 136 0 247.014974902874
55 136 0 303.859486454211
56 136 0 251.607127459121
68 136 0 231.745613046435
69 136 0 252.690583093794
96 136 0 135.095373122182
117 136 0 75.9251030829682
118 136 0 110.981719715457
150 136 0 179.39959571654
158 136 0 244.141528010336
159 136 0 203.433914667571
160 136 0 234.678144735645
161 136 0 215.421967335351
162 136 0 220.130599327365
176 136 0 250.113903388118
233 136 0 69.095137469798
234 136 0 122.989789636512
235 136 0 44.4447287029032
236 136 0 107.140850489136
237 136 0 93.8291871386259
238 136 0 80.7059431725303
239 136 0 44.0650532755599
240 136 0 49.7578669405995
241 136 0 60.5628261400718
28 137 0 235.257243200836
29 137 0 240.305844195144
56 137 0 289.466413213398
57 137 0 291.225485015355
69 137 0 215.972485102123
96 137 0 159.14208262661
97 137 0 198.075729958338
118 137 0 84.0805905083388
150 137 0 182.103500114996
151 137 0 202.930891857824
162 137 0 299.298222371503
163 137 0 248.689691239684
176 137 0 249.445186083424
231 137 0 113.285083067704
232 137 0 46.153451801647
233 137 0 141.047264354025
234 137 0 86.4311426252944
29 138 0 221.800227327704
57 138 0 274.406881116091
69 138 0 273.958797307649
70 138 0 251.96043918594
97 138 0 142.192348834012
117 138 0 85.8790317840068
118 138 0 75.7997119593938
119 138 0 87.2940977389847
151 138 0 157.973624239217
163 138 0 281.235899122375
164 138 0 253.981601152269
176 138 0 231.160567481329
177 138 0 291.872221187197
230 138 0 68.7273212394886
231 138 0 77.2877149032133
29 139 0 218.062051304074
30 139 0 260.436773013551
57 139 0 300.351140481307
70 139 0 235.269213282531
71 139 0 333.350935402065
97 139 0 182.098589090987
98 139 0 197.961175717448
119 139 0 78.774023631814
120 139 0 85.6235719950532
151 139 0 230.46788949821
152 139 0 194.698081022048
164 139 0 233.227044696418
177 139 0 261.560287666912
178 139 0 237.567672490731
230 139 0 48.6861779388683
30 140 0 268.721324236815
31 140 0 235.387891376588
57 140 0 318.757440364935
71 140 0 239.91620599065
98 140 0 159.719350067177
120 140 0 81.6610786766339
121 140 0 87.5588395074402
122 140 0 96.8843985408446
152 140 0 159.597979791921
153 140 0 240.818590795241
163 140 0 232.472960260795
164 140 0 299.459272456632
178 140 0 267.374638130172
179 140 0 267.373738926925
230 140 0 55.4634775707197
30 141 0 255.704022948431
31 141 0 241.735395807797
57 141 0 286.362279150144
71 141 0 296.37597442035
98 141 0 209.460522937989
99 141 0 166.329585335015
121 141 0 88.9322924916042
122 141 0 87.3569849069489
152 141 0 261.720396227395
153 141 0 171.942134239675
162 141 0 234.407952591312
163 141 0 297.445356193705
178 141 0 294.969082099848
179 141 0 275.513802520104
230 141 0 135.107502941485
231 141 0 55.6639123031465
30 142 0 250.503590079466
57 142 0 291.195081470782
71 142 0 282.923687788525
72 142 0 278.621280252184
99 142 0 210.710990919596
100 142 0 152.767770310405
101 142 0 234.383267547261
122 142 0 85.4146164530549
123 142 0 85.6923512322306
152 142 0 202.590063434507
153 142 0 245.232353300449
162 142 0 277.646163612014
163 142 0 264.190945962861
178 142 0 263.375974066685
179 142 0 246.092634283905
180 142 0 250.904792115916
224 142 0 120.388724680355
225 142 0 160.815396720855
230 142 0 64.3890509857517
231 142 0 94.1955639152067
30 143 0 229.30126757553
57 143 0 331.648874872589
58 143 0 347.492879981805
72 143 0 279.237251634486
101 143 0 156.644801233765
121 143 0 102.015251857602
122 143 0 100.716037887462
123 143 0 90.9867109368126
153 143 0 184.182831144641
163 143 0 242.550726123488
180 143 0 279.133971841109
181 143 0 285.377822269587
222 143 0 95.7678068478597
223 143 0 97.6801161556658
224 143 0 115.936684782606
225 143 0 93.0091581431116
226 143 0 70.1048107212502
227 143 0 104.371262597758
230 143 0 58.0489061218265
30 144 0 240.191154318527
58 144 0 294.360463438172
72 144 0 292.768447590919
73 144 0 280.734958849778
101 144 0 174.137214411322
120 144 0 114.871140963354
121 144 0 103.507827136258
123 144 0 99.5512164409088
124 144 0 90.644309021546
125 144 0 95.0226012757758
152 144 0 187.749170402275
153 144 0 225.701404445982
163 144 0 300.233733290826
164 144 0 250.604252806692
179 144 0 288.305590160442
180 144 0 252.749567591062
181 144 0 315.617131855223
216 144 0 124.805847555213
217 144 0 125.752892511639
218 144 0 89.8722877520048
219 144 0 111.631349466707
220 144 0 92.428365515814
221 144 0 113.855574156993
222 144 0 102.241688386442
227 144 0 108.586131698226
228 144 0 61.5126632838904
229 144 0 63.3245625076683
230 144 0 68.7669373865365
26 145 0 274.12085084299
27 145 0 254.71962330326
28 145 0 271.92774849173
30 145 0 282.699636070599
58 145 0 363.567984658219
59 145 0 311.15158266583
72 145 0 301.198800819192
73 145 0 301.871989322756
87 145 0 343.08922615799
88 145 0 262.217234445903
89 145 0 269.08250290528
90 145 0 288.115078379938
101 145 0 210.009589589648
118 145 0 164.918868854483
119 145 0 116.097101124711
120 145 0 114.180864663461
123 145 0 101.122986739927
124 145 0 99.3800969838554
125 145 0 95.7358096563468
126 145 0 94.1874622339349
152 145 0 216.558306679762
164 145 0 256.772488068943
179 145 0 246.445237235007
180 145 0 249.202697316717
181 145 0 250.785364747843
216 145 0 118.137396944116
217 145 0 139.692458514755
221 145 0 100.783906024498
222 145 0 92.6210756791259
228 145 0 125.307884700803
229 145 0 83.6152460139723
230 145 0 61.2530272371283
231 145 0 96.9240684758738
20 146 0 328.52352977497
21 146 0 377.914986677104
25 146 0 316.70779580668
26 146 0 290.103278869234
28 146 0 305.72444608524
29 146 0 261.17003995604
30 146 0 249.816612101251
59 146 0 328.050201834615
73 146 0 296.294436626242
85 146 0 304.836664286806
86 146 0 268.177213263303
87 146 0 284.206339686764
90 146 0 254.319837259719
91 146 0 237.698666165653
92 146 0 238.292027725621
93 146 0 231.682603847504
94 146 0 235.096891306656
95 146 0 234.178996911561
96 146 0 265.286391825748
101 146 0 168.211226566556
116 146 0 186.21518707228
117 146 0 135.118987884764
118 146 0 151.116177885101
123 146 0 104.966978035931
126 146 0 99.6897215654918
127 146 0 97.6066155478099
152 146 0 181.866865764629
153 146 0 183.938620806052
164 146 0 262.941725284422
181 146 0 254.587897818516
216 146 0 98.1780922502242
231 146 0 86.318570787975
21 147 0 352.571269297573
22 147 0 321.191653815385
23 147 0 324.820066275162
24 147 0 302.234081938544
25 147 0 300.661418862691
30 147 0 265.312694041143
31 147 0 295.188701583913
59 147 0 362.168993637549
72 147 0 333.713600042855
73 147 0 279.250745306557
85 147 0 300.066952762611
96 147 0 258.674111710099
97 147 0 214.984719377756
101 147 0 211.478564515708
115 147 0 199.924649175878
116 147 0 205.580520785502
123 147 0 109.199300281524
127 147 0 100.321958258397
128 147 0 105.937718655352
152 147 0 224.870921398265
153 147 0 192.822703684938
164 147 0 296.787530062255
165 147 0 287.577688946558
181 147 0 280.11298051286
216 147 0 177.528265411357
217 147 0 107.978368683168
231 147 0 113.74785581154
232 147 0 94.3838135677001
26 148 0 320.109185863325
27 148 0 277.146540653022
28 148 0 260.858244983083
29 148 0 259.635905719425
30 148 0 273.925491261405
59 148 0 382.794491742964
60 148 0 383.657954468388
67 148 0 311.419360346439
68 148 0 331.859188361762
69 148 0 327.993495627286
70 148 0 312.279042409663
71 148 0 289.518525983966
72 148 0 319.504763300526
73 148 0 280.558763517884
85 148 0 298.293101861032
97 148 0 253.4686307786
98 148 0 214.91684728503
99 148 0 194.290516663915
100 148 0 227.543752170185
101 148 0 183.218052624395
115 148 0 219.262218305119
123 148 0 122.503760360846
128 148 0 107.047489149581
129 148 0 106.403252681815
152 148 0 173.199175874119
164 148 0 312.58203368243
165 148 0 305.464676818507
181 148 0 284.482057454586
217 148 0 119.218290179228
231 148 0 94.1928912327883
26 149 0 271.251381296104
60 149 0 381.961295142091
71 149 0 311.609028875011
72 149 0 326.497886054922
73 149 0 327.636645080542
74 149 0 340.085265883525
85 149 0 306.721388394452
101 149 0 214.631375095162
102 149 0 249.3684338796
114 149 0 293.92773689928
115 149 0 283.494138572643
122 149 0 155.209152647043
123 149 0 139.001866905419
129 149 0 107.896660832232
152 149 0 233.523039240905
165 149 0 279.573356484636
172 149 0 379.16185878929
173 149 0 281.345535145437
174 149 0 280.019842487045
175 149 0 342.14408440548
180 149 0 286.261234427092
181 149 0 305.740771183599
217 149 0 151.011759539047
218 149 0 180.754580984111
25 150 0 281.495972617106
26 150 0 323.88204649739
60 150 0 413.680036921631
71 150 0 307.678231187353
74 150 0 317.28781573428
75 150 0 389.955782542115
85 150 0 319.697249490686
102 150 0 238.183360406173
114 150 0 231.060574898734
128 150 0 112.51687372937
129 150 0 107.752492823369
130 150 0 111.335817278966
152 150 0 187.597984606679
172 150 0 294.275857750603
175 150 0 347.311047200777
176 150 0 260.786064297744
177 150 0 283.650616276863
180 150 0 318.357488094386
181 150 0 266.190888741581
218 150 0 131.800770050665
219 150 0 166.875330368475
25 151 0 289.108389479953
71 151 0 332.939066998896
72 151 0 340.653612099779
75 151 0 359.80229631136
85 151 0 377.017806498335
86 151 0 406.566359482407
102 151 0 240.700744940129
114 151 0 286.014682589383
128 151 0 113.859446440926
130 151 0 110.16274713472
152 151 0 190.934006621396
172 151 0 280.50256378408
177 151 0 376.914447469596
178 151 0 323.418239244248
179 151 0 313.143746081838
180 151 0 280.942390467149
181 151 0 261.976259673963
219 151 0 121.757017565825
24 152 0 329.814425591057
25 152 0 350.325305319284
72 152 0 329.156674967746
86 152 0 341.900042998368
101 152 0 221.200840682808
102 152 0 241.199012002505
114 152 0 281.258973847617
130 152 0 122.099328410678
131 152 0 113.632913303007
132 152 0 123.178673529111
152 152 0 220.204683552506
172 152 0 337.443832685965
173 152 0 297.089260740771
181 152 0 270.875927901808
219 152 0 194.819094689162
220 152 0 174.459198768654
24 153 0 292.292529754755
25 153 0 312.287740257828
72 153 0 341.909103229057
86 153 0 360.588503365745
102 153 0 205.339699572912
114 153 0 256.356334610207
115 153 0 307.74500743642
132 153 0 117.698642104962
152 153 0 192.490396274067
173 153 0 322.142283024961
181 153 0 269.960037950505
220 153 0 170.997599253408
25 154 0 325.704295681763
72 154 0 367.854560726748
85 154 0 397.697949230861
86 154 0 446.91627217376
101 154 0 205.540722559265
102 154 0 256.308373855144
115 154 0 267.783972810983
132 154 0 123.829581097391
133 154 0 137.528785998536
152 154 0 215.481542579416
153 154 0 239.464243360257
173 154 0 295.768267434601
180 154 0 300.21162771247
181 154 0 312.440500444297
220 154 0 135.320690457911
71 155 0 431.942758519621
72 155 0 466.261454914985
84 155 0 449.014674528274
85 155 0 363.608235578386
101 155 0 212.167787741316
115 155 0 280.605440754397
133 155 0 124.877655949312
152 155 0 188.677739688618
173 155 0 313.023209254437
174 155 0 333.461115798091
175 155 0 298.71435673408
176 155 0 365.860876714951
180 155 0 281.881447676141
220 155 0 180.591371496198
221 155 0 194.3369054889
71 156 0 400.481438742905
84 156 0 388.955765634461
101 156 0 217.839284538782
115 156 0 324.963021088853
116 156 0 356.335221161223
133 156 0 137.996523376861
134 156 0 146.975162283762
135 156 0 140.399173644419
152 156 0 182.091559008051
176 156 0 319.711598702344
177 156 0 307.229917779832
180 156 0 280.404672476802
181 156 0 330.246302822487
182 156 0 316.423227757028
214 156 0 176.121313009209
215 156 0 183.442430436134
219 156 0 168.831469711717
221 156 0 137.129570849446
71 157 0 482.736527073126
82 157 0 418.703277289187
83 157 0 389.330535562682
84 157 0 439.246501669532
101 157 0 225.83071463179
116 157 0 349.380924134807
133 157 0 164.614373824243
135 157 0 150.010364107476
152 157 0 180.246741158138
177 157 0 353.959356235267
178 157 0 313.946234213796
180 157 0 286.719106046432
181 157 0 291.227421421399
182 157 0 296.80779266522
183 157 0 281.663971196884
212 157 0 172.902169584456
213 157 0 172.703590954653
214 157 0 199.711992472187
215 157 0 215.045823617823
216 157 0 178.359669248982
217 157 0 154.952596341243
218 157 0 152.47459287699
219 157 0 148.440350891472
220 157 0 152.389462522372
221 157 0 140.001158835998
42 158 0 452.639401094514
43 158 0 443.768784184615
44 158 0 457.330961924763
45 158 0 424.278154921342
46 158 0 461.040390923683
70 158 0 529.57222802123
71 158 0 504.375710306995
82 158 0 478.770725628035
83 158 0 449.80798510758
101 158 0 261.813025638524
116 158 0 317.217732902416
133 158 0 185.679909328534
135 158 0 183.80601103084
136 158 0 170.03822047702
151 158 0 208.331739873685
152 158 0 225.84368232235
178 158 0 314.431233999971
183 158 0 289.106943054801
184 158 0 281.000443846578
185 158 0 301.22677477815
212 158 0 167.641935661818
220 158 0 187.624288758629
41 159 0 481.732089606874
42 159 0 528.192223290624
46 159 0 460.637259929684
47 159 0 413.290601867738
48 159 0 407.437918134328
49 159 0 401.234116606139
70 159 0 469.178427667906
83 159 0 480.427420916966
101 159 0 282.51526932026
133 159 0 164.002067425191
136 159 0 171.332031254561
152 159 0 197.948415601522
153 159 0 194.493995218288
177 159 0 331.956864834252
178 159 0 364.679159405638
184 159 0 312.235074956683
185 159 0 355.089887776155
186 159 0 334.136626423056
212 159 0 171.98599227759
49 160 0 390.494762861545
50 160 0 411.81876897217
51 160 0 386.558584988625
52 160 0 412.528092101185
70 160 0 511.578526903731
71 160 0 490.644346804621
82 160 0 449.238947765956
83 160 0 558.148973227382
101 160 0 241.983926535282
133 160 0 209.635880446481
134 160 0 213.266584178142
136 160 0 168.930423045878
153 160 0 208.588397254856
154 160 0 212.817232277519
177 160 0 370.678898795999
178 160 0 402.746311195297
185 160 0 320.416675563069
186 160 0 299.268638751296
187 160 0 353.088308941706
212 160 0 203.409290437369
213 160 0 229.522417581319
52 161 0 370.017052857234
53 161 0 388.81096706839
82 161 0 487.805569251784
101 161 0 291.944212157412
133 161 0 222.731601622262
134 161 0 223.499558323858
136 161 0 168.482317406358
137 161 0 185.684226904745
154 161 0 205.608336479802
155 161 0 211.194470970929
177 161 0 336.462212844166
178 161 0 362.846688765128
187 161 0 314.626828761616
212 161 0 247.122757094053
213 161 0 193.920843112081
53 162 0 372.495920343848
54 162 0 392.363700198939
81 162 0 499.535034094305
82 162 0 557.875223158177
100 162 0 368.700521858495
101 162 0 299.209554041409
102 162 0 321.475831627843
134 162 0 229.600567950638
137 162 0 173.637787980668
155 162 0 221.941510285219
156 162 0 203.633652477648
177 162 0 350.74021177144
187 162 0 353.792201917951
188 162 0 308.520517556923
213 162 0 233.764957655921
54 163 0 372.761057160852
99 163 0 301.420350253755
100 163 0 355.906912074421
102 163 0 311.94686712066
103 163 0 282.92455176815
104 163 0 307.893696924835
134 163 0 260.940278507978
135 163 0 244.373363903354
137 163 0 180.481273527442
156 163 0 232.107899188717
157 163 0 210.107479437553
158 163 0 231.222038194996
177 163 0 346.486390984378
188 163 0 373.592154552728
189 163 0 316.17903814107
213 163 0 229.060808501081
214 163 0 227.640482544565
54 164 0 400.352188326676
55 164 0 364.066005348159
99 164 0 362.125123983824
104 164 0 297.028806765419
134 164 0 318.285753922436
135 164 0 258.454026636796
137 164 0 223.913659099496
138 164 0 213.059814455582
158 164 0 230.115616388901
177 164 0 359.230515881332
189 164 0 334.291906021933
190 164 0 317.318181449273
214 164 0 207.271702545994
55 165 0 374.348266162578
56 165 0 383.452441132043
58 165 0 441.89570081806
59 165 0 467.703388398833
60 165 0 467.166320245601
99 165 0 382.705277807754
104 165 0 385.65683157472
105 165 0 353.307360241445
127 165 0 465.919476894628
128 165 0 403.753892490428
129 165 0 398.978344379686
130 165 0 428.282084596306
132 165 0 331.215869273014
133 165 0 285.069847414096
134 165 0 267.733516171159
138 165 0 193.823546652153
139 165 0 255.63570306277
158 165 0 211.450441470102
159 165 0 207.937763652228
160 165 0 220.41225441076
177 165 0 338.733480907883
190 165 0 337.811662556633
214 165 0 230.617052805192
215 165 0 248.137634626168
56 166 0 367.878608481549
57 166 0 428.243189143986
58 166 0 457.592570640246
99 166 0 363.434554451219
105 166 0 349.463752362171
127 166 0 400.415154072354
130 166 0 365.343807956338
131 166 0 390.545550129656
132 166 0 323.364130351129
138 166 0 237.486796455171
160 166 0 207.776678976844
161 166 0 280.672096239897
177 166 0 349.692586833025
190 166 0 319.433873921896
213 166 0 293.868786527626
214 166 0 216.102949668706
56 167 0 342.370010964619
57 167 0 411.511362344248
98 167 0 384.967432615192
99 167 0 446.197263492634
105 167 0 390.190699741065
106 167 0 339.302839501771
107 167 0 400.66661132154
125 167 0 449.837234623907
126 167 0 435.59380274275
127 167 0 411.603742757752
128 167 0 453.362789720619
138 167 0 269.358746681949
139 167 0 234.328014926496
161 167 0 215.367280761615
177 167 0 363.832554311909
190 167 0 342.725921493366
191 167 0 367.095669763995
212 167 0 257.575742048954
213 167 0 228.808135803173
55 168 0 388.373795106267
56 168 0 378.701644811738
57 168 0 441.720751129809
58 168 0 430.143779673005
107 168 0 413.613042438542
108 168 0 373.416335880022
109 168 0 402.067844079508
110 168 0 423.315547831328
125 168 0 423.752894105935
139 168 0 230.634738836267
140 168 0 233.764282323201
141 168 0 232.707405443979
161 168 0 210.26506089178
162 168 0 219.534968790944
176 168 0 352.614909087266
177 168 0 345.8614888615
190 168 0 351.268973426536
191 168 0 348.330088448284
211 168 0 239.253541533294
212 168 0 305.230834488812
54 169 0 355.19451646087
55 169 0 373.380908259111
58 169 0 395.871566293117
109 169 0 445.84377899175
110 169 0 475.292165647808
122 169 0 453.187301155384
123 169 0 472.815537874033
124 169 0 436.594054366185
125 169 0 465.557092601886
162 169 0 216.564426534103
163 169 0 232.368979258496
190 169 0 354.891244477043
191 169 0 352.355286280579
211 169 0 269.350407969153
47 170 0 428.880042089634
48 170 0 428.843491067115
49 170 0 391.067470859979
50 170 0 419.451195810338
51 170 0 392.052786638532
52 170 0 365.235985873435
53 170 0 357.834173517039
54 170 0 329.738809503856
58 170 0 366.626915224902
108 170 0 505.517183417705
109 170 0 413.941046113067
123 170 0 439.547213528956
124 170 0 460.838926866206
163 170 0 222.357762138259
164 170 0 220.39754335776
165 170 0 241.620403089456
191 170 0 339.762611990312
211 170 0 284.695168355849
212 170 0 283.047608211719
54 171 0 343.282558628541
58 171 0 379.1915978917
108 171 0 424.682307397478
165 171 0 251.716147015838
166 171 0 225.374042556747
211 171 0 288.074154329346
212 171 0 296.276169553811
54 172 0 334.95544021261
58 172 0 362.027364827673
108 172 0 501.741519751316
166 172 0 246.457427383897
167 172 0 242.429552315499
210 172 0 254.25838314484
211 172 0 244.518842926139
54 173 0 349.436806839445
55 173 0 356.317053384874
58 173 0 346.489165598399
108 173 0 455.733252914146
167 173 0 245.248324572279
168 173 0 254.19424064984
207 173 0 303.577562159882
208 173 0 273.312939940197
209 173 0 257.133358668282
210 173 0 325.591402403337
54 174 0 324.747462599359
55 174 0 326.723877010754
56 174 0 356.895725100653
57 174 0 358.158990249894
58 174 0 347.507735362362
108 174 0 500.952498840969
109 174 0 516.300701231657
168 174 0 236.169287229039
204 174 0 290.482233813515
205 174 0 283.212578613737
206 174 0 295.653231009566
207 174 0 331.179965525844
53 175 0 317.025677778033
54 175 0 348.342798592809
94 175 0 707.744872494438
109 175 0 474.04960991214
168 175 0 241.197067151224
169 175 0 245.109555348958
170 175 0 290.404592259427
53 176 0 321.425059448566
94 176 0 764.668781681113
95 176 0 656.894447506878
170 176 0 257.591942412025
171 176 0 245.424368502249
53 177 0 332.615808386734
95 177 0 682.738630165541
96 177 0 679.180915449438
171 177 0 281.430298459142
172 177 0 239.800267180961
53 178 0 328.738401630498
67 178 0 442.225737101794
84 178 0 508.824414624668
95 178 0 626.495736203374
96 178 0 636.200135964022
172 178 0 282.37500623118
173 178 0 263.679358546938
53 179 0 326.826200505775
66 179 0 394.302317189957
67 179 0 424.216392426888
68 179 0 437.608483219853
69 179 0 425.875611549119
84 179 0 474.438089552832
95 179 0 554.390833744367
173 179 0 246.116277224112
53 180 0 316.870959992495
65 180 0 396.307889855967
66 180 0 420.647409040043
69 180 0 508.121813047053
70 180 0 438.664367092699
81 180 0 368.951378284997
82 180 0 424.741151731157
84 180 0 397.332037432925
95 180 0 507.233072792706
173 180 0 249.95202322511
53 181 0 312.085793527541
63 181 0 428.950075286004
64 181 0 378.572731572909
65 181 0 445.541999417862
70 181 0 451.874966183953
71 181 0 451.48556142077
82 181 0 361.617986603118
83 181 0 373.695366136084
84 181 0 352.11302595654
86 181 0 377.457582697333
95 181 0 462.560167218857
173 181 0 274.600287350053
174 181 0 242.081830142205
185 181 0 290.068002346089
53 182 0 323.998179212728
63 182 0 400.26466062782
81 182 0 377.843897306095
82 182 0 372.589717144547
83 182 0 377.70901135501
84 182 0 344.359217009326
86 182 0 350.876022420511
95 182 0 416.405841476175
174 182 0 252.115456391868
175 182 0 246.317916114149
185 182 0 305.934430804155
53 183 0 308.124989597479
63 183 0 393.417688065037
77 183 0 443.982727093004
78 183 0 457.605026713921
80 183 0 369.723340276498
81 183 0 374.587583188835
84 183 0 316.972029862524
85 183 0 302.098725343369
86 183 0 357.413107509771
95 183 0 332.362449541822
174 183 0 252.543626542887
175 183 0 244.069341961003
185 183 0 281.339856687224
53 184 0 286.569256415101
63 184 0 357.000576672154
78 184 0 434.041002053746
79 184 0 382.470203604682
80 184 0 399.329699963797
85 184 0 378.282787955409
86 184 0 293.899598329134
94 184 0 341.386690631265
95 184 0 318.709156239099
174 184 0 244.943548266247
185 184 0 287.200756073893
186 184 0 296.853378801996
53 185 0 274.419381968155
63 185 0 345.664322060121
86 185 0 376.626488073673
87 185 0 291.839580659845
88 185 0 294.042005226382
89 185 0 280.998760066724
90 185 0 314.326016385974
94 185 0 312.722970153023
95 185 0 365.415939153171
173 185 0 276.528599405976
174 185 0 253.013551696734
182 185 0 274.020584687554
183 185 0 270.869555280488
184 185 0 267.735837420865
185 185 0 269.454786798369
186 185 0 283.343209724767
53 186 0 292.147335658113
62 186 0 397.229091196812
63 186 0 359.530690609913
90 186 0 353.941150828659
91 186 0 325.285998810818
92 186 0 279.87307659371
93 186 0 277.551879766927
94 186 0 277.154440000545
95 186 0 283.514485513525
103 186 0 342.159683879971
173 186 0 261.822545289978
174 186 0 272.003671515032
182 186 0 262.464731694901
183 186 0 295.197326299699
184 186 0 321.014526857915
186 186 0 267.634051703831
53 187 0 254.491040177804
62 187 0 341.846616563995
63 187 0 368.370378368332
95 187 0 268.137382634352
96 187 0 290.385286903754
103 187 0 323.953666534573
174 187 0 251.441823710481
181 187 0 270.647701735604
182 187 0 292.506572408836
186 187 0 268.138551688005
53 188 0 308.783535119398
54 188 0 313.488417856478
62 188 0 341.272140693073
63 188 0 344.626280340165
96 188 0 290.036669114479
102 188 0 279.134477288736
103 188 0 371.261867472378
173 188 0 283.690024548098
174 188 0 274.207110631365
175 188 0 253.239018453583
176 188 0 306.547105477883
179 188 0 267.696607442341
180 188 0 260.479865573984
181 188 0 329.079544089281
186 188 0 283.793633758743
187 188 0 329.850862157172
54 189 0 242.307199634068
62 189 0 266.723038748025
96 189 0 277.480921253314
98 189 0 304.249327899579
99 189 0 269.816197479697
100 189 0 276.274319719188
101 189 0 275.292790757157
102 189 0 394.660488121515
173 189 0 277.12436449438
176 189 0 268.300220464973
177 189 0 291.486541995538
178 189 0 283.586490335778
179 189 0 304.343341583172
187 189 0 275.251892189641
188 189 0 323.807171253683
54 190 0 304.417396030371
55 190 0 252.213948585934
62 190 0 261.682328816533
96 190 0 264.309542175855
97 190 0 272.754447548254
98 190 0 346.33474021611
173 190 0 269.403346578674
188 190 0 275.676190819041
189 190 0 328.973758832678
190 190 0 291.682500990929
194 190 0 287.318952972138
55 191 0 262.129890904506
62 191 0 278.027485947734
94 191 0 361.855446032719
95 191 0 256.136135616548
96 191 0 324.417880928296
171 191 0 321.02355864685
172 191 0 294.791648503675
173 191 0 278.809080874025
190 191 0 299.208226538274
191 191 0 280.505754575617
192 191 0 283.869333485768
193 191 0 291.863210449918
194 191 0 305.973688756535
195 191 0 288.642266507218
196 191 0 320.132469149853
55 192 0 278.377713751439
56 192 0 263.271520122436
62 192 0 254.141409617016
94 192 0 252.300069606151
133 192 0 322.364485525639
134 192 0 320.612536446652
135 192 0 316.023989293013
136 192 0 334.250929051093
137 192 0 313.529876215541
195 192 0 318.280681269319
196 192 0 309.689564123941
56 193 0 245.390246092638
62 193 0 253.234738954165
86 193 0 391.781342152325
87 193 0 327.846711132982
88 193 0 279.840081014409
89 193 0 280.498344650642
94 193 0 270.199286856005
137 193 0 397.270881683964
138 193 0 318.306394288189
196 193 0 313.001416151946
197 193 0 306.222400125805
200 193 0 353.943000698772
201 193 0 331.026178227674
202 193 0 302.37414830938
203 193 0 303.309624272075
204 193 0 346.968228906022
205 193 0 315.314332213392
56 194 0 260.420087792661
57 194 0 260.595032044613
62 194 0 287.155553149623
85 194 0 458.810115013031
86 194 0 394.258169324615
87 194 0 361.55555144888
89 194 0 304.498411047265
90 194 0 238.705830330726
91 194 0 275.644677114194
93 194 0 223.199754734876
94 194 0 322.509586382846
138 194 0 337.285719683534
139 194 0 308.335669497508
196 194 0 305.45790048453
197 194 0 290.415890828436
198 194 0 290.360226454202
199 194 0 296.942619793922
200 194 0 306.228639382545
201 194 0 304.829590942655
202 194 0 308.387032945179
203 194 0 357.413930645092
204 194 0 344.464926046917
205 194 0 320.645741005865
206 194 0 317.191159189929
207 194 0 367.571210791408
227 194 0 301.550042227179
228 194 0 323.334915669964
55 195 0 257.500494929957
56 195 0 250.55329155519
62 195 0 245.704714557437
85 195 0 538.884230158681
91 195 0 288.022206196238
92 195 0 257.080914301799
93 195 0 212.468120984528
139 195 0 333.742357490616
140 195 0 300.219979962423
207 195 0 312.049338494374
208 195 0 318.368253153554
209 195 0 320.220144353321
210 195 0 419.532976250266
228 195 0 266.588648908706
229 195 0 309.643009348603
55 196 0 218.760256763351
62 196 0 275.124014552561
63 196 0 267.215463927986
93 196 0 202.697218458545
140 196 0 323.321254739522
141 196 0 298.276522130946
143 196 0 319.616034399558
144 196 0 308.575614841789
210 196 0 330.10079548252
229 196 0 258.312293129053
47 197 0 241.025594696432
54 197 0 208.189897690997
55 197 0 215.807751490195
63 197 0 231.864635763139
93 197 0 211.560074366928
94 197 0 213.53517519076
141 197 0 278.38216268553
142 197 0 289.709161374488
143 197 0 280.220153571637
210 197 0 322.316734729043
229 197 0 346.809345122757
230 197 0 259.282604160935
231 197 0 253.78290025815
47 198 0 275.193921816896
48 198 0 247.869527660955
54 198 0 204.854086682692
63 198 0 212.727116659544
93 198 0 263.573742081244
94 198 0 229.746492476146
95 198 0 210.102369799786
141 198 0 324.715140245875
142 198 0 261.573071686039
143 198 0 267.821565094459
144 198 0 311.54477797757
210 198 0 326.824618767422
231 198 0 236.368366800827
48 199 0 234.833927639607
49 199 0 204.086343659695
50 199 0 203.990481842736
54 199 0 205.291811547548
63 199 0 204.510421890429
94 199 0 236.816737556747
95 199 0 203.577050896105
107 199 0 431.749640212117
108 199 0 425.135177079288
141 199 0 330.893089928869
142 199 0 353.804458765104
210 199 0 326.558048079238
230 199 0 273.779458022837
231 199 0 230.43421765756
50 200 0 215.924159672542
51 200 0 214.78296733066
54 200 0 195.191646042348
63 200 0 210.601416147169
64 200 0 203.499319440115
95 200 0 197.805976699019
106 200 0 432.731316744095
107 200 0 427.544598047525
108 200 0 427.4928996828
142 200 0 300.821406642771
210 200 0 330.82271241636
230 200 0 269.154298708032
231 200 0 258.985731455609
50 201 0 201.917787482548
51 201 0 202.995161764729
54 201 0 194.12820133042
64 201 0 196.100579251667
65 201 0 209.709939677247
95 201 0 197.568836486947
96 201 0 197.313374163509
97 201 0 210.474777573578
104 201 0 364.616684525981
105 201 0 390.671779258421
106 201 0 453.591502033486
108 201 0 445.796621780302
141 201 0 294.347843181267
142 201 0 278.703494084736
230 201 0 236.31792245742
231 201 0 266.441608270589
51 202 0 198.582211699927
52 202 0 204.262139674974
54 202 0 200.589570501908
55 202 0 194.483001704281
65 202 0 194.57443051477
66 202 0 206.009427581272
95 202 0 196.366442950219
97 202 0 201.747252885384
98 202 0 216.364753570635
99 202 0 215.007467258047
103 202 0 302.364504833995
104 202 0 350.534415199761
140 202 0 271.782912912345
141 202 0 236.963675581864
179 202 0 311.435204278736
180 202 0 286.823447377874
230 202 0 249.606489964212
231 202 0 268.96027615328
52 203 0 193.021982748689
55 203 0 192.877283765775
65 203 0 195.434913264696
66 203 0 195.186842473763
94 203 0 189.421195592905
95 203 0 194.895054082291
99 203 0 247.862903235672
100 203 0 232.54786563077
101 203 0 217.388861189667
102 203 0 257.864248231399
103 203 0 268.514637276085
138 203 0 251.538335087021
139 203 0 232.189204726586
140 203 0 274.484608002607
180 203 0 289.139002899356
181 203 0 319.728887189661
231 203 0 226.734056702094
52 204 0 195.224276026554
53 204 0 197.919361431296
55 204 0 190.706218865252
56 204 0 193.615713663043
65 204 0 197.102182886406
66 204 0 192.681173632166
93 204 0 192.726842111192
94 204 0 188.373237778047
139 204 0 243.97252791146
181 204 0 278.354173107131
231 204 0 218.815005818779
53 205 0 190.043064753723
56 205 0 191.501310898993
66 205 0 190.570729015407
93 205 0 179.030886655144
139 205 0 254.376912591378
181 205 0 297.758042614602
182 205 0 322.656816633547
231 205 0 253.628823297078
53 206 0 188.863038956095
56 206 0 187.800857462847
66 206 0 189.793069532823
91 206 0 181.927814788925
92 206 0 177.884808478875
93 206 0 185.889122601473
139 206 0 213.387935648586
182 206 0 295.934061360179
183 206 0 289.410939845045
231 206 0 235.153125093394
232 206 0 237.705496382535
53 207 0 190.118830339218
56 207 0 186.050541295615
65 207 0 187.818369079281
66 207 0 190.15915640962
91 207 0 178.375084671191
139 207 0 222.063625165705
183 207 0 268.809737893581
230 207 0 202.223178435249
231 207 0 235.430985543668
51 208 0 189.983093214625
52 208 0 189.069885921221
53 208 0 186.757215131702
54 208 0 189.587522491363
56 208 0 184.013417734613
65 208 0 185.076110734407
91 208 0 183.423312256921
139 208 0 217.191028005877
182 208 0 282.565267220198
183 208 0 272.620373153759
228 208 0 228.321134369158
229 208 0 197.557066354796
230 208 0 206.621371859666
54 209 0 187.360681082836
55 209 0 184.342458662593
56 209 0 183.773010253906
57 209 0 185.671416488419
65 209 0 183.993042617286
90 209 0 178.269750992675
91 209 0 182.046615767368
139 209 0 229.779333057645
182 209 0 265.061186636104
228 209 0 239.130834009879
229 209 0 203.544341658881
57 210 0 185.036267521644
58 210 0 183.890056864576
60 210 0 184.178676148862
61 210 0 183.773010253906
62 210 0 183.773010253906
63 210 0 183.773010253906
65 210 0 184.172841039072
90 210 0 172.213548132163
138 210 0 286.077750213184
139 210 0 206.169896940713
182 210 0 280.363357341867
227 210 0 270.242987620874
228 210 0 226.248797901865
58 211 0 186.841539938632
59 211 0 184.086937129779
60 211 0 183.959882187837
63 211 0 183.710531314096
64 211 0 183.015455307845
65 211 0 183.929301433065
74 211 0 179.87555838898
75 211 0 179.269942456818
90 211 0 172.277833327109
91 211 0 175.401624500626
138 211 0 193.650953495523
182 211 0 259.369802862564
227 211 0 207.689069926323
60 212 0 188.116496597101
61 212 0 192.063290008875
64 212 0 182.533828382638
65 212 0 181.67259438827
75 212 0 178.268242967725
91 212 0 173.089899987567
138 212 0 190.911980523008
182 212 0 258.968952698194
183 212 0 294.180336012064
227 212 0 217.907052950196
60 213 0 193.813508344027
64 213 0 193.638891542469
65 213 0 186.245242216856
66 213 0 180.463071659033
74 213 0 177.592017070892
75 213 0 177.572998046875
91 213 0 172.731876080246
131 213 0 349.636749160727
132 213 0 332.802620146389
134 213 0 243.768179232277
137 213 0 204.304980129206
138 213 0 220.829327770559
183 213 0 252.776185019802
225 213 0 294.930319647712
226 213 0 209.811949935052
227 213 0 204.574692426701
60 214 0 227.215740613511
61 214 0 214.531428111039
63 214 0 224.620540521923
64 214 0 237.420112920789
66 214 0 183.033500449815
67 214 0 179.289754181737
68 214 0 179.052780838535
73 214 0 177.973079219999
74 214 0 177.666736793579
130 214 0 389.395664480321
131 214 0 349.295093637271
132 214 0 324.526923687912
133 214 0 277.773288519362
134 214 0 264.046488658182
135 214 0 225.235452994367
136 214 0 237.215455839125
137 214 0 200.904574207796
138 214 0 190.043286207697
183 214 0 259.066829410708
184 214 0 272.416622896357
225 214 0 208.780628736703
226 214 0 206.28595822342
60 215 0 212.632730866748
61 215 0 203.962002686437
63 215 0 228.968448418693
64 215 0 239.823150875423
68 215 0 181.761794745923
69 215 0 179.576724538723
70 215 0 178.506531193581
71 215 0 177.974912994841
72 215 0 177.57307434082
73 215 0 178.398760208509
136 215 0 206.147733771599
137 215 0 209.942352762563
138 215 0 182.961265983567
153 215 0 332.7957410404
184 215 0 250.019488984484
225 215 0 179.609266584461
59 216 0 212.115804891271
60 216 0 222.251917944526
64 216 0 213.040554981435
65 216 0 218.044944129075
138 216 0 184.037766247013
153 216 0 302.550086967457
184 216 0 249.462236883863
202 216 0 232.669520299184
203 216 0 251.709922155177
224 216 0 205.323966176651
225 216 0 202.467441325396
59 217 0 226.53272870916
64 217 0 216.720556969469
138 217 0 181.642891180452
153 217 0 274.056341049013
184 217 0 263.860809642105
185 217 0 251.693095308605
199 217 0 210.509100701048
200 217 0 194.969666348633
201 217 0 197.151718486443
202 217 0 247.093312299161
203 217 0 232.616687636019
204 217 0 225.754036802916
205 217 0 192.190952277769
206 217 0 243.198446360375
207 217 0 219.476584373313
208 217 0 216.529680164392
209 217 0 232.25182352165
224 217 0 207.236313639919
225 217 0 194.941920746478
59 218 0 219.768131765273
64 218 0 218.137413515939
138 218 0 195.495861284386
139 218 0 180.0604192854
140 218 0 182.991844144468
141 218 0 194.340116406159
153 218 0 284.590837468712
185 218 0 253.146230584503
198 218 0 236.571797184765
199 218 0 226.68666695016
205 218 0 266.206175277424
206 218 0 196.447114021465
209 218 0 204.380071251731
210 218 0 207.964760727981
212 218 0 187.15488092906
213 218 0 176.462086672001
214 218 0 177.056445439356
224 218 0 172.971817138236
59 219 0 233.003150286662
64 219 0 220.382150620076
141 219 0 176.408646558053
142 219 0 182.298304649964
153 219 0 312.62641459792
154 219 0 268.311901002606
185 219 0 260.296294751814
186 219 0 257.930408171001
197 219 0 227.790461602858
198 219 0 246.790079268448
210 219 0 180.902840866643
211 219 0 178.94800901189
212 219 0 242.743382012414
214 219 0 205.28961620133
215 219 0 175.607176564154
216 219 0 196.406610431372
217 219 0 194.509416842949
224 219 0 241.431459754035
225 219 0 164.849281305206
59 220 0 258.68535104061
60 220 0 252.24767453046
63 220 0 229.777023886058
64 220 0 239.460257776773
142 220 0 179.720451343739
153 220 0 271.567466380649
154 220 0 230.990916312989
186 220 0 250.594898213062
197 220 0 289.26435786374
198 220 0 232.017643906541
216 220 0 184.577590332868
217 220 0 184.004017435046
218 220 0 171.954912889998
224 220 0 255.518856538692
225 220 0 188.577917921374
62 221 0 233.081253782847
63 221 0 240.582770576396
141 221 0 174.615334208797
142 221 0 187.309872746615
153 221 0 199.072789646733
186 221 0 238.678004727136
195 221 0 247.582390507081
196 221 0 306.658406732653
198 221 0 207.25379905578
218 221 0 217.396359510072
219 221 0 177.783150030373
220 221 0 179.429618787085
224 221 0 177.403589990425
61 222 0 255.161148238641
62 222 0 243.738077980136
141 222 0 208.463676309975
142 222 0 171.091427740681
152 222 0 252.925207430206
153 222 0 236.241606197226
186 222 0 256.305026817999
187 222 0 308.549402230152
196 222 0 263.938293170445
197 222 0 217.576173909785
198 222 0 205.947450942189
220 222 0 200.737160913379
221 222 0 168.507583927804
222 222 0 180.314417698861
223 222 0 179.028724765779
224 222 0 183.321670849876
61 223 0 249.673601263279
62 223 0 285.357807482502
142 223 0 189.229015327562
143 223 0 171.128090171928
152 223 0 223.316958716143
153 223 0 214.017804656169
186 223 0 257.690139267976
187 223 0 271.580216481816
197 223 0 217.129798658885
198 223 0 217.018963319725
222 223 0 237.082717055592
62 224 0 252.701820158635
143 224 0 190.124421012399
144 224 0 164.200279333474
145 224 0 221.315873988811
152 224 0 181.830224014644
186 224 0 239.19953124926
187 224 0 274.892941346233
196 224 0 209.649650799427
197 224 0 233.041858140982
60 225 0 275.095099813588
61 225 0 256.695723736468
62 225 0 285.890669677442
145 225 0 162.777390406607
152 225 0 175.085249653389
187 225 0 258.847686825073
195 225 0 249.770876412404
196 225 0 221.69875478453
60 226 0 266.031294334116
145 226 0 160.988299641934
151 226 0 172.344988314918
152 226 0 171.825233353734
153 226 0 174.384164404135
154 226 0 192.937429559859
155 226 0 182.715861213861
156 226 0 216.926620077535
187 226 0 231.378421965118
195 226 0 219.941711845133
58 227 0 316.037450330291
59 227 0 320.197972999433
60 227 0 336.62143258498
145 227 0 163.29323553222
149 227 0 165.127523370403
150 227 0 168.603364206906
151 227 0 170.698574183541
187 227 0 233.96495070836
194 227 0 220.715875512932
195 227 0 260.367959185541
58 228 0 307.805673768858
59 228 0 380.039746066142
145 228 0 189.261640453986
146 228 0 158.798519811254
147 228 0 161.019029648218
148 228 0 163.033275288194
149 228 0 166.420804650581
187 228 0 230.114853431015
188 228 0 255.529026619541
193 228 0 244.881879009
194 228 0 216.092495463966
58 229 0 384.446803578784
148 229 0 157.783534266821
188 229 0 224.735749055611
189 229 0 236.851974364743
193 229 0 217.795931099101
57 230 0 411.339782678397
58 230 0 418.167752809983
148 230 0 155.101264384876
189 230 0 227.05373157219
190 230 0 221.844183706707
191 230 0 221.307275620137
192 230 0 225.496708060648
193 230 0 261.535381055049
56 231 0 440.545877859727
57 231 0 402.712461058084
58 231 0 457.090741019977
147 231 0 155.885832338166
148 231 0 153.904006958008
55 232 0 464.109239420852
56 232 0 525.380830615817
58 232 0 449.042494839881
148 232 0 158.174008069102
149 232 0 153.904006958008
54 233 0 515.037081524794
55 233 0 566.202967880585
58 233 0 498.246164690047
148 233 0 154.816951619957
149 233 0 153.904008974614
53 234 0 548.715283295675
54 234 0 587.29075776382
58 234 0 541.884063928971
148 234 0 153.520859518528
53 235 0 569.023835298371
148 235 0 154.966265309265
149 235 0 155.713443946151
53 236 0 588.817496633111
54 236 0 624.167116721978
149 236 0 157.179236475238
174 236 0 220.521675067987
175 236 0 263.397593025418
53 237 0 557.825643653773
149 237 0 153.389747953761
175 237 0 227.450681743325
176 237 0 253.745494069939
52 238 0 592.085814868838
53 238 0 585.846161706262
149 238 0 150.578913998147
176 238 0 207.430410424901
51 239 0 623.624769182037
52 239 0 648.820088356103
149 239 0 148.230486468224
176 239 0 238.482048567796
51 240 0 633.212031218487
148 240 0 147.674062151878
149 240 0 148.176303863299
150 240 0 147.248989722578
151 240 0 147.77015300463
176 240 0 239.792724324578
177 240 0 203.301236939221
148 241 0 147.680931845869
149 241 0 147.377423724988
150 241 0 145.051123729988
151 241 0 147.461499383375
152 241 0 147.450254730847
153 241 0 146.275554311857
154 241 0 148.049750609205
177 241 0 209.4722939468
178 241 0 217.424892297462
154 242 0 146.749413870448
155 242 0 143.961970171919
156 242 0 149.520051573511
178 242 0 188.695174654048
156 243 0 147.050226320896
157 243 0 155.482327551086
178 243 0 212.178810431911
179 243 0 192.973666353279
186 243 0 314.466549557872
157 244 0 149.337690967092
179 244 0 189.250112661581
185 244 0 254.622109283968
186 244 0 315.888316378588
157 245 0 143.638653441251
179 245 0 183.461990600945
181 245 0 238.112068523175
182 245 0 228.926051279954
183 245 0 225.813644357535
184 245 0 230.867446922032
185 245 0 295.528480424341
157 246 0 158.668788056412
158 246 0 145.442143971697
179 246 0 177.264812980254
180 246 0 190.017938239855
181 246 0 194.589695459261
182 246 0 236.085259118826
158 247 0 141.476571745796
179 247 0 167.425738431328
158 248 0 150.176358533008
159 248 0 141.922065018285
179 248 0 214.49706494452
180 248 0 167.28307677417
181 248 0 226.288989852488
159 249 0 148.513477931871
160 249 0 141.465901751335
161 249 0 143.807486595382
162 249 0 146.230887175861
163 249 0 147.165008544922
181 249 0 194.227154375341
182 249 0 213.19755901001
163 250 0 139.342357086626
182 250 0 155.096056566544
162 251 0 145.878424882151
163 251 0 148.241676389749
182 251 0 214.543833144386
183 251 0 231.137460717565
162 252 0 143.319072276353
182 252 0 237.688929145587
183 252 0 188.467551299414
162 253 0 147.354657915893
163 253 0 141.740203404968
183 253 0 195.728969595782
163 254 0 140.735176952722
164 254 0 167.474014128299
183 254 0 134.460372444646
184 254 0 133.499085910836
185 254 0 132.487534720492
186 254 0 163.864797696367
164 255 0 139.964634084217
165 255 0 150.130202096658
186 255 0 157.978131327075
187 255 0 157.389983037203
165 256 0 151.969660776534
166 256 0 139.671016357278
187 256 0 121.557368698821
166 257 0 151.569111677986
167 257 0 135.99602370055
168 257 0 135.72863741639
169 257 0 138.170125729042
170 257 0 138.323686524889
171 257 0 140.303811951388
172 257 0 141.773816846705
173 257 0 144.390391847107
176 257 0 145.648202092388
177 257 0 135.7634095261
178 257 0 130.787993936176
179 257 0 147.578356509566
180 257 0 181.605169091789
181 257 0 135.781091430727
182 257 0 205.629062401944
187 257 0 119.599251407435
173 258 0 152.641912189055
174 258 0 252.456245350261
175 258 0 178.238816624096
176 258 0 129.889200063405
179 258 0 125.558210273287
180 258 0 125.019184206793
182 258 0 124.02639553468
183 258 0 164.414836102004
185 258 0 196.218348001263
186 258 0 128.18168725976
187 258 0 116.8521364557
174 259 0 141.591070931009
175 259 0 144.786833316336
183 259 0 143.730256131808
184 259 0 128.702276616129
185 259 0 129.25352947072
