"row" "col" "lay" "lon" "lat" "WellNum" "ztop_m"
120 40 0 434659.12422272 4338779.71038478 1 1.66925016744996
120 60 0 436659.12422272 4338779.71038478 2 60.8166696983454
130 60 0 436659.12422272 4337779.71038478 3 120.419020361037
130 70 0 437659.12422272 4337779.71038478 4 7.63210313830484
140 70 0 437659.12422272 4336779.71038478 5 221.611264929389
150 80 0 438659.12422272 4335779.71038478 6 232.381214037008
140 90 0 439659.12422272 4336779.71038478 7 27.1794757081774
150 90 0 439659.12422272 4335779.71038478 8 249.882953641511
160 90 0 439659.12422272 4334779.71038478 9 275.084843373473
130 100 0 440659.12422272 4337779.71038478 10 148.709753595119
140 100 0 440659.12422272 4336779.71038478 11 27.6209236953297
150 100 0 440659.12422272 4335779.71038478 12 187.503430298444
160 100 0 440659.12422272 4334779.71038478 13 315.696897295452
170 100 0 440659.12422272 4333779.71038478 14 301.51261062202
130 110 0 441659.12422272 4337779.71038478 15 160.354568548897
140 110 0 441659.12422272 4336779.71038478 16 108.588933392094
150 110 0 441659.12422272 4335779.71038478 17 121.604108244837
160 110 0 441659.12422272 4334779.71038478 18 269.866223493444
170 110 0 441659.12422272 4333779.71038478 19 322.921026216672
180 110 0 441659.12422272 4332779.71038478 20 368.941935777838
130 120 0 442659.12422272 4337779.71038478 21 116.14727285035
140 120 0 442659.12422272 4336779.71038478 22 187.243314158274
150 120 0 442659.12422272 4335779.71038478 23 61.8438945572963
160 120 0 442659.12422272 4334779.71038478 24 234.380330333159
170 120 0 442659.12422272 4333779.71038478 25 166.099499433963
180 120 0 442659.12422272 4332779.71038478 26 311.496775062228
120 130 0 443659.12422272 4338779.71038478 27 225.88038298313
130 130 0 443659.12422272 4337779.71038478 28 209.684697097862
140 130 0 443659.12422272 4336779.71038478 29 64.3371444864083
150 130 0 443659.12422272 4335779.71038478 30 104.37367536896
170 130 0 443659.12422272 4333779.71038478 31 211.088291754788
180 130 0 443659.12422272 4332779.71038478 32 267.496768880905
120 140 0 444659.12422272 4338779.71038478 33 71.4360229146353
130 140 0 444659.12422272 4337779.71038478 34 83.119850838727
140 140 0 444659.12422272 4336779.71038478 35 127.168513555606
150 140 0 444659.12422272 4335779.71038478 36 103.465220131567
160 140 0 444659.12422272 4334779.71038478 37 52.1248576945316
170 140 0 444659.12422272 4333779.71038478 38 138.258006787699
180 140 0 444659.12422272 4332779.71038478 39 219.846399360779
110 150 0 445659.12422272 4339779.71038478 40 257.629077200961
120 150 0 445659.12422272 4338779.71038478 41 263.6612910068
130 150 0 445659.12422272 4337779.71038478 42 146.80529695591
140 150 0 445659.12422272 4336779.71038478 43 213.71059019007
150 150 0 445659.12422272 4335779.71038478 44 158.712305002617
160 150 0 445659.12422272 4334779.71038478 45 158.982924897867
170 150 0 445659.12422272 4333779.71038478 46 208.436300214889
180 150 0 445659.12422272 4332779.71038478 47 146.031559483247
100 160 0 446659.12422272 4340779.71038478 48 107.797105055531
110 160 0 446659.12422272 4339779.71038478 49 291.639731216144
120 160 0 446659.12422272 4338779.71038478 50 211.141959958944
130 160 0 446659.12422272 4337779.71038478 51 307.809093354999
140 160 0 446659.12422272 4336779.71038478 52 282.581917759187
150 160 0 446659.12422272 4335779.71038478 53 186.869601432498
160 160 0 446659.12422272 4334779.71038478 54 79.2894854994818
170 160 0 446659.12422272 4333779.71038478 55 102.384272100681
180 160 0 446659.12422272 4332779.71038478 56 135.097531126509
190 160 0 446659.12422272 4331779.71038478 57 208.637602586669
200 160 0 446659.12422272 4330779.71038478 58 354.792085074089
100 170 0 447659.12422272 4340779.71038478 59 138.759839207964
110 170 0 447659.12422272 4339779.71038478 60 94.6264355604887
120 170 0 447659.12422272 4338779.71038478 61 110.225292914349
130 170 0 447659.12422272 4337779.71038478 62 177.847789677368
140 170 0 447659.12422272 4336779.71038478 63 236.073596024836
150 170 0 447659.12422272 4335779.71038478 64 298.953258419746
160 170 0 447659.12422272 4334779.71038478 65 129.904511217275
170 170 0 447659.12422272 4333779.71038478 66 110.975385631499
180 170 0 447659.12422272 4332779.71038478 67 134.294861770934
190 170 0 447659.12422272 4331779.71038478 68 259.61492993625
200 170 0 447659.12422272 4330779.71038478 69 332.741873433168
100 180 0 448659.12422272 4340779.71038478 70 136.200396653535
110 180 0 448659.12422272 4339779.71038478 71 178.094039635272
120 180 0 448659.12422272 4338779.71038478 72 110.550352194633
130 180 0 448659.12422272 4337779.71038478 73 147.052062674144
140 180 0 448659.12422272 4336779.71038478 74 67.0050463972802
150 180 0 448659.12422272 4335779.71038478 75 172.79524895991
160 180 0 448659.12422272 4334779.71038478 76 144.997542808199
170 180 0 448659.12422272 4333779.71038478 77 176.136020914378
180 180 0 448659.12422272 4332779.71038478 78 98.0710505222334
190 180 0 448659.12422272 4331779.71038478 79 180.71664960115
200 180 0 448659.12422272 4330779.71038478 80 373.940634890064
80 190 0 449659.12422272 4342779.71038478 81 260.478590869577
90 190 0 449659.12422272 4341779.71038478 82 166.967699813036
100 190 0 449659.12422272 4340779.71038478 83 186.835335455083
110 190 0 449659.12422272 4339779.71038478 84 284.983092833452
120 190 0 449659.12422272 4338779.71038478 85 310.717932881922
130 190 0 449659.12422272 4337779.71038478 86 142.852455616506
140 190 0 449659.12422272 4336779.71038478 87 136.659430091458
150 190 0 449659.12422272 4335779.71038478 88 117.82077250609
170 190 0 449659.12422272 4333779.71038478 89 119.496837595171
180 190 0 449659.12422272 4332779.71038478 90 246.832969470295
190 190 0 449659.12422272 4331779.71038478 91 59.42858993184
200 190 0 449659.12422272 4330779.71038478 92 202.141548053811
210 190 0 449659.12422272 4329779.71038478 93 208.019483247132
220 190 0 449659.12422272 4328779.71038478 94 260.627169264127
90 200 0 450659.12422272 4341779.71038478 95 221.972589375763
100 200 0 450659.12422272 4340779.71038478 96 216.1529860639
110 200 0 450659.12422272 4339779.71038478 97 218.591384744079
120 200 0 450659.12422272 4338779.71038478 98 313.459622420497
130 200 0 450659.12422272 4337779.71038478 99 303.794568349524
140 200 0 450659.12422272 4336779.71038478 100 54.879010361993
150 200 0 450659.12422272 4335779.71038478 101 51.3366377030855
160 200 0 450659.12422272 4334779.71038478 102 49.2701209454164
170 200 0 450659.12422272 4333779.71038478 103 232.059801504659
180 200 0 450659.12422272 4332779.71038478 104 130.747487114301
200 200 0 450659.12422272 4330779.71038478 105 170.351674045632
210 200 0 450659.12422272 4329779.71038478 106 179.720852433047
220 200 0 450659.12422272 4328779.71038478 107 196.486150664289
90 210 0 451659.12422272 4341779.71038478 108 268.318479858136
100 210 0 451659.12422272 4340779.71038478 109 257.430411239317
110 210 0 451659.12422272 4339779.71038478 110 228.292402266063
130 210 0 451659.12422272 4337779.71038478 111 156.618807783442
140 210 0 451659.12422272 4336779.71038478 112 227.087042900135
150 210 0 451659.12422272 4335779.71038478 113 69.8458344361227
160 210 0 451659.12422272 4334779.71038478 114 40.5388423071788
170 210 0 451659.12422272 4333779.71038478 115 222.330678699637
180 210 0 451659.12422272 4332779.71038478 116 64.7494889459681
190 210 0 451659.12422272 4331779.71038478 117 185.650114297783
200 210 0 451659.12422272 4330779.71038478 118 143.615914357011
220 210 0 451659.12422272 4328779.71038478 119 270.25088272622
230 210 0 451659.12422272 4327779.71038478 120 392.284711461358
60 220 0 452659.12422272 4344779.71038478 121 319.526473392275
70 220 0 452659.12422272 4343779.71038478 122 195.872667249426
80 220 0 452659.12422272 4342779.71038478 123 199.513026650551
90 220 0 452659.12422272 4341779.71038478 124 277.220198626179
100 220 0 452659.12422272 4340779.71038478 125 244.277890479676
110 220 0 452659.12422272 4339779.71038478 126 181.413257637172
120 220 0 452659.12422272 4338779.71038478 127 275.598486254896
130 220 0 452659.12422272 4337779.71038478 128 97.6685088438381
140 220 0 452659.12422272 4336779.71038478 129 130.713317058357
150 220 0 452659.12422272 4335779.71038478 130 283.617904713779
160 220 0 452659.12422272 4334779.71038478 131 151.995032685203
170 220 0 452659.12422272 4333779.71038478 132 151.95188955843
180 220 0 452659.12422272 4332779.71038478 133 128.746785101875
190 220 0 452659.12422272 4331779.71038478 134 70.0767624999908
210 220 0 452659.12422272 4329779.71038478 135 85.0618985450427
220 220 0 452659.12422272 4328779.71038478 136 210.745298700567
230 220 0 452659.12422272 4327779.71038478 137 141.888139684181
240 220 0 452659.12422272 4326779.71038478 138 400.816610479398
60 230 0 453659.12422272 4344779.71038478 139 379.766791672173
70 230 0 453659.12422272 4343779.71038478 140 195.15288953731
80 230 0 453659.12422272 4342779.71038478 141 129.760091057397
90 230 0 453659.12422272 4341779.71038478 142 226.970458210841
100 230 0 453659.12422272 4340779.71038478 143 164.960811294034
120 230 0 453659.12422272 4338779.71038478 144 274.819990915396
130 230 0 453659.12422272 4337779.71038478 145 269.597919495116
140 230 0 453659.12422272 4336779.71038478 146 228.762640199292
150 230 0 453659.12422272 4335779.71038478 147 219.948719422306
160 230 0 453659.12422272 4334779.71038478 148 272.234138597529
170 230 0 453659.12422272 4333779.71038478 149 165.189915978331
180 230 0 453659.12422272 4332779.71038478 150 97.5055290560036
190 230 0 453659.12422272 4331779.71038478 151 112.447277785332
200 230 0 453659.12422272 4330779.71038478 152 93.9704619747968
210 230 0 453659.12422272 4329779.71038478 153 84.407470183987
220 230 0 453659.12422272 4328779.71038478 154 149.657827614007
230 230 0 453659.12422272 4327779.71038478 155 227.301373668941
240 230 0 453659.12422272 4326779.71038478 156 404.984674123411
70 240 0 454659.12422272 4343779.71038478 157 229.313849699236
80 240 0 454659.12422272 4342779.71038478 158 161.711062918552
90 240 0 454659.12422272 4341779.71038478 159 155.059305226113
100 240 0 454659.12422272 4340779.71038478 160 330.317124685945
120 240 0 454659.12422272 4338779.71038478 161 266.920828761546
130 240 0 454659.12422272 4337779.71038478 162 241.579320037989
140 240 0 454659.12422272 4336779.71038478 163 331.075998482762
150 240 0 454659.12422272 4335779.71038478 164 108.300420855006
160 240 0 454659.12422272 4334779.71038478 165 219.987973934166
170 240 0 454659.12422272 4333779.71038478 166 363.781983619275
180 240 0 454659.12422272 4332779.71038478 167 192.940810536635
190 240 0 454659.12422272 4331779.71038478 168 103.724821200381
200 240 0 454659.12422272 4330779.71038478 169 75.4792984686835
210 240 0 454659.12422272 4329779.71038478 170 136.805241930115
230 240 0 454659.12422272 4327779.71038478 171 202.594525660018
240 240 0 454659.12422272 4326779.71038478 172 266.861266849146
80 250 0 455659.12422272 4342779.71038478 173 263.2323761287
90 250 0 455659.12422272 4341779.71038478 174 186.896606848088
100 250 0 455659.12422272 4340779.71038478 175 303.500003588627
110 250 0 455659.12422272 4339779.71038478 176 225.130669003148
120 250 0 455659.12422272 4338779.71038478 177 334.545653635363
130 250 0 455659.12422272 4337779.71038478 178 135.096738065941
140 250 0 455659.12422272 4336779.71038478 179 347.766214635995
150 250 0 455659.12422272 4335779.71038478 180 223.314741549697
160 250 0 455659.12422272 4334779.71038478 181 207.036139040836
170 250 0 455659.12422272 4333779.71038478 182 357.070937559325
180 250 0 455659.12422272 4332779.71038478 183 215.296654740883
190 250 0 455659.12422272 4331779.71038478 184 114.482977588747
200 250 0 455659.12422272 4330779.71038478 185 105.681699281016
210 250 0 455659.12422272 4329779.71038478 186 73.5283912273511
220 250 0 455659.12422272 4328779.71038478 187 96.4573010113445
230 250 0 455659.12422272 4327779.71038478 188 110.757744699472
240 250 0 455659.12422272 4326779.71038478 189 190.059846030532
250 250 0 455659.12422272 4325779.71038478 190 373.285541846248
260 250 0 455659.12422272 4324779.71038478 191 351.185385003967
270 250 0 455659.12422272 4323779.71038478 192 266.258471383564
280 250 0 455659.12422272 4322779.71038478 193 332.200425295209
290 250 0 455659.12422272 4321779.71038478 194 316.842889181005
300 250 0 455659.12422272 4320779.71038478 195 390.236343161603
310 250 0 455659.12422272 4319779.71038478 196 522.803503876824
320 250 0 455659.12422272 4318779.71038478 197 606.061601681653
90 260 0 456659.12422272 4341779.71038478 198 342.064900502298
100 260 0 456659.12422272 4340779.71038478 199 341.770690413186
110 260 0 456659.12422272 4339779.71038478 200 267.806555594096
120 260 0 456659.12422272 4338779.71038478 201 321.920409617889
130 260 0 456659.12422272 4337779.71038478 202 206.549346683985
140 260 0 456659.12422272 4336779.71038478 203 234.248272031952
150 260 0 456659.12422272 4335779.71038478 204 285.676543823769
160 260 0 456659.12422272 4334779.71038478 205 239.664921226492
170 260 0 456659.12422272 4333779.71038478 206 299.963714500387
180 260 0 456659.12422272 4332779.71038478 207 243.27887332492
190 260 0 456659.12422272 4331779.71038478 208 241.087217944872
200 260 0 456659.12422272 4330779.71038478 209 167.042130019938
210 260 0 456659.12422272 4329779.71038478 210 137.767335090133
220 260 0 456659.12422272 4328779.71038478 211 83.7090104094089
230 260 0 456659.12422272 4327779.71038478 212 57.3215237340748
240 260 0 456659.12422272 4326779.71038478 213 98.1436360611203
250 260 0 456659.12422272 4325779.71038478 214 227.936932306654
260 260 0 456659.12422272 4324779.71038478 215 207.00776227408
270 260 0 456659.12422272 4323779.71038478 216 281.578354772144
280 260 0 456659.12422272 4322779.71038478 217 253.097319226977
290 260 0 456659.12422272 4321779.71038478 218 419.997282469765
300 260 0 456659.12422272 4320779.71038478 219 289.273370509339
310 260 0 456659.12422272 4319779.71038478 220 472.123322557535
320 260 0 456659.12422272 4318779.71038478 221 291.796359001623
330 260 0 456659.12422272 4317779.71038478 222 409.541092176118
80 270 0 457659.12422272 4342779.71038478 223 352.484707883941
90 270 0 457659.12422272 4341779.71038478 224 311.39999519602
100 270 0 457659.12422272 4340779.71038478 225 228.355412320032
110 270 0 457659.12422272 4339779.71038478 226 277.766110359652
120 270 0 457659.12422272 4338779.71038478 227 214.658572912639
130 270 0 457659.12422272 4337779.71038478 228 256.751867998332
140 270 0 457659.12422272 4336779.71038478 229 285.22771959648
150 270 0 457659.12422272 4335779.71038478 230 204.93092192651
160 270 0 457659.12422272 4334779.71038478 231 143.55291263851
170 270 0 457659.12422272 4333779.71038478 232 268.568993000231
180 270 0 457659.12422272 4332779.71038478 233 162.247284687931
190 270 0 457659.12422272 4331779.71038478 234 196.599045599287
200 270 0 457659.12422272 4330779.71038478 235 240.147941330229
210 270 0 457659.12422272 4329779.71038478 236 122.761555345211
220 270 0 457659.12422272 4328779.71038478 237 75.3249960694998
230 270 0 457659.12422272 4327779.71038478 238 99.0606583459774
250 270 0 457659.12422272 4325779.71038478 239 119.244241599797
260 270 0 457659.12422272 4324779.71038478 240 154.796371362168
270 270 0 457659.12422272 4323779.71038478 241 229.533542446505
280 270 0 457659.12422272 4322779.71038478 242 235.911241590976
290 270 0 457659.12422272 4321779.71038478 243 309.128702382906
300 270 0 457659.12422272 4320779.71038478 244 257.697835167639
310 270 0 457659.12422272 4319779.71038478 245 277.740741300647
320 270 0 457659.12422272 4318779.71038478 246 373.363513767395
330 270 0 457659.12422272 4317779.71038478 247 213.272505303175
340 270 0 457659.12422272 4316779.71038478 248 494.119727715993
90 280 0 458659.12422272 4341779.71038478 249 269.122047582101
100 280 0 458659.12422272 4340779.71038478 250 308.057680915987
110 280 0 458659.12422272 4339779.71038478 251 225.263341879001
120 280 0 458659.12422272 4338779.71038478 252 207.978470743931
130 280 0 458659.12422272 4337779.71038478 253 318.65157323496
140 280 0 458659.12422272 4336779.71038478 254 314.859965703657
150 280 0 458659.12422272 4335779.71038478 255 212.433434129414
160 280 0 458659.12422272 4334779.71038478 256 246.380061570319
170 280 0 458659.12422272 4333779.71038478 257 188.588185098157
180 280 0 458659.12422272 4332779.71038478 258 301.624598313427
190 280 0 458659.12422272 4331779.71038478 259 195.722845053836
200 280 0 458659.12422272 4330779.71038478 260 212.068042869177
210 280 0 458659.12422272 4329779.71038478 261 208.220903278637
220 280 0 458659.12422272 4328779.71038478 262 106.266059191219
230 280 0 458659.12422272 4327779.71038478 263 92.5148255289173
240 280 0 458659.12422272 4326779.71038478 264 72.4119237934869
250 280 0 458659.12422272 4325779.71038478 265 48.3742719801991
260 280 0 458659.12422272 4324779.71038478 266 160.315586042735
270 280 0 458659.12422272 4323779.71038478 267 302.639241697172
280 280 0 458659.12422272 4322779.71038478 268 294.696513016717
290 280 0 458659.12422272 4321779.71038478 269 200.64698871956
300 280 0 458659.12422272 4320779.71038478 270 290.57861546195
310 280 0 458659.12422272 4319779.71038478 271 227.393780924945
320 280 0 458659.12422272 4318779.71038478 272 441.328360540081
330 280 0 458659.12422272 4317779.71038478 273 183.685777310312
340 280 0 458659.12422272 4316779.71038478 274 295.833763303419
350 280 0 458659.12422272 4315779.71038478 275 413.537109095405
360 280 0 458659.12422272 4314779.71038478 276 629.050524012825
370 280 0 458659.12422272 4313779.71038478 277 712.448769612737
100 290 0 459659.12422272 4340779.71038478 278 246.992779033451
110 290 0 459659.12422272 4339779.71038478 279 340.410893244203
120 290 0 459659.12422272 4338779.71038478 280 164.577723851198
130 290 0 459659.12422272 4337779.71038478 281 440.586204963964
140 290 0 459659.12422272 4336779.71038478 282 365.350090538744
150 290 0 459659.12422272 4335779.71038478 283 291.606392650768
160 290 0 459659.12422272 4334779.71038478 284 245.250783210639
170 290 0 459659.12422272 4333779.71038478 285 231.170942865292
180 290 0 459659.12422272 4332779.71038478 286 283.085348734942
190 290 0 459659.12422272 4331779.71038478 287 291.456968438475
200 290 0 459659.12422272 4330779.71038478 288 218.896911318254
210 290 0 459659.12422272 4329779.71038478 289 184.641598529632
220 290 0 459659.12422272 4328779.71038478 290 290.276673957952
230 290 0 459659.12422272 4327779.71038478 291 204.575892970128
240 290 0 459659.12422272 4326779.71038478 292 160.139329193619
250 290 0 459659.12422272 4325779.71038478 293 63.6253357058618
260 290 0 459659.12422272 4324779.71038478 294 60.7396474697988
270 290 0 459659.12422272 4323779.71038478 295 217.287028978091
280 290 0 459659.12422272 4322779.71038478 296 247.931455716755
290 290 0 459659.12422272 4321779.71038478 297 290.439553312596
300 290 0 459659.12422272 4320779.71038478 298 206.164690496871
310 290 0 459659.12422272 4319779.71038478 299 218.089937022533
320 290 0 459659.12422272 4318779.71038478 300 129.094893494815
330 290 0 459659.12422272 4317779.71038478 301 144.281805235125
340 290 0 459659.12422272 4316779.71038478 302 445.332567913068
350 290 0 459659.12422272 4315779.71038478 303 239.175162832933
360 290 0 459659.12422272 4314779.71038478 304 316.824855716346
370 290 0 459659.12422272 4313779.71038478 305 470.137837560267
110 300 0 460659.12422272 4339779.71038478 306 353.590616146855
120 300 0 460659.12422272 4338779.71038478 307 323.324787087352
130 300 0 460659.12422272 4337779.71038478 308 263.465807566027
140 300 0 460659.12422272 4336779.71038478 309 435.592215703165
150 300 0 460659.12422272 4335779.71038478 310 368.757294298185
160 300 0 460659.12422272 4334779.71038478 311 201.65667410892
170 300 0 460659.12422272 4333779.71038478 312 220.308440248433
180 300 0 460659.12422272 4332779.71038478 313 312.881016612894
190 300 0 460659.12422272 4331779.71038478 314 346.863302447981
210 300 0 460659.12422272 4329779.71038478 315 303.340868589491
220 300 0 460659.12422272 4328779.71038478 316 462.722040254891
230 300 0 460659.12422272 4327779.71038478 317 400.071117530537
240 300 0 460659.12422272 4326779.71038478 318 171.910298473768
250 300 0 460659.12422272 4325779.71038478 319 100.766561365608
260 300 0 460659.12422272 4324779.71038478 320 74.3219976734225
270 300 0 460659.12422272 4323779.71038478 321 96.1466811538461
280 300 0 460659.12422272 4322779.71038478 322 214.878197639044
290 300 0 460659.12422272 4321779.71038478 323 262.786122808655
300 300 0 460659.12422272 4320779.71038478 324 106.454663141514
310 300 0 460659.12422272 4319779.71038478 325 350.613599876893
320 300 0 460659.12422272 4318779.71038478 326 347.063261281314
330 300 0 460659.12422272 4317779.71038478 327 155.937269111356
340 300 0 460659.12422272 4316779.71038478 328 265.105195398641
350 300 0 460659.12422272 4315779.71038478 329 296.956675009395
360 300 0 460659.12422272 4314779.71038478 330 476.849901159651
370 300 0 460659.12422272 4313779.71038478 331 259.660591418382
380 300 0 460659.12422272 4312779.71038478 332 486.701983056796
120 310 0 461659.12422272 4338779.71038478 333 291.448721818925
130 310 0 461659.12422272 4337779.71038478 334 429.596870511523
140 310 0 461659.12422272 4336779.71038478 335 471.590608653177
150 310 0 461659.12422272 4335779.71038478 336 234.786158065917
160 310 0 461659.12422272 4334779.71038478 337 381.301498795482
170 310 0 461659.12422272 4333779.71038478 338 201.940260261134
180 310 0 461659.12422272 4332779.71038478 339 339.782073558514
190 310 0 461659.12422272 4331779.71038478 340 338.705710442447
200 310 0 461659.12422272 4330779.71038478 341 276.509581944605
210 310 0 461659.12422272 4329779.71038478 342 464.160900296035
220 310 0 461659.12422272 4328779.71038478 343 561.583851235602
230 310 0 461659.12422272 4327779.71038478 344 450.107875370814
240 310 0 461659.12422272 4326779.71038478 345 436.611252894481
250 310 0 461659.12422272 4325779.71038478 346 255.611016020669
260 310 0 461659.12422272 4324779.71038478 347 113.364260703327
270 310 0 461659.12422272 4323779.71038478 348 86.2507931933001
280 310 0 461659.12422272 4322779.71038478 349 66.9389185589715
300 310 0 461659.12422272 4320779.71038478 350 101.182169325902
310 310 0 461659.12422272 4319779.71038478 351 329.463806661527
320 310 0 461659.12422272 4318779.71038478 352 435.047307395322
330 310 0 461659.12422272 4317779.71038478 353 483.072078684169
340 310 0 461659.12422272 4316779.71038478 354 197.896504295533
350 310 0 461659.12422272 4315779.71038478 355 282.280700326804
360 310 0 461659.12422272 4314779.71038478 356 224.264111768965
370 310 0 461659.12422272 4313779.71038478 357 500.378516748552
380 310 0 461659.12422272 4312779.71038478 358 553.019675607042
390 310 0 461659.12422272 4311779.71038478 359 532.483190248377
130 320 0 462659.12422272 4337779.71038478 360 431.119354892975
140 320 0 462659.12422272 4336779.71038478 361 559.74222269387
150 320 0 462659.12422272 4335779.71038478 362 445.570272991637
160 320 0 462659.12422272 4334779.71038478 363 280.22124676572
170 320 0 462659.12422272 4333779.71038478 364 170.406957627174
180 320 0 462659.12422272 4332779.71038478 365 233.264132495642
190 320 0 462659.12422272 4331779.71038478 366 392.528441279419
200 320 0 462659.12422272 4330779.71038478 367 369.959497003745
210 320 0 462659.12422272 4329779.71038478 368 475.329296911521
220 320 0 462659.12422272 4328779.71038478 369 370.152311810806
240 320 0 462659.12422272 4326779.71038478 370 385.163568124948
250 320 0 462659.12422272 4325779.71038478 371 305.317712135704
260 320 0 462659.12422272 4324779.71038478 372 91.4512325985647
270 320 0 462659.12422272 4323779.71038478 373 93.4199756076391
280 320 0 462659.12422272 4322779.71038478 374 79.4501802788977
290 320 0 462659.12422272 4321779.71038478 375 219.618655809999
300 320 0 462659.12422272 4320779.71038478 376 205.173021476815
310 320 0 462659.12422272 4319779.71038478 377 205.70314082017
320 320 0 462659.12422272 4318779.71038478 378 285.647116281586
330 320 0 462659.12422272 4317779.71038478 379 469.503796581243
340 320 0 462659.12422272 4316779.71038478 380 257.036074137241
350 320 0 462659.12422272 4315779.71038478 381 153.12847623338
360 320 0 462659.12422272 4314779.71038478 382 297.431467825653
370 320 0 462659.12422272 4313779.71038478 383 311.32659794504
380 320 0 462659.12422272 4312779.71038478 384 428.433825826778
390 320 0 462659.12422272 4311779.71038478 385 544.25467202354
400 320 0 462659.12422272 4310779.71038478 386 465.993789489057
410 320 0 462659.12422272 4309779.71038478 387 559.875506851908
140 330 0 463659.12422272 4336779.71038478 388 431.465563581509
150 330 0 463659.12422272 4335779.71038478 389 284.905243261211
160 330 0 463659.12422272 4334779.71038478 390 321.394826779448
170 330 0 463659.12422272 4333779.71038478 391 238.625441478047
180 330 0 463659.12422272 4332779.71038478 392 406.908594841281
190 330 0 463659.12422272 4331779.71038478 393 447.341844004225
200 330 0 463659.12422272 4330779.71038478 394 420.386167352503
210 330 0 463659.12422272 4329779.71038478 395 499.652377416075
220 330 0 463659.12422272 4328779.71038478 396 494.104590655453
230 330 0 463659.12422272 4327779.71038478 397 448.431919011188
250 330 0 463659.12422272 4325779.71038478 398 208.343384528759
260 330 0 463659.12422272 4324779.71038478 399 305.306665505674
270 330 0 463659.12422272 4323779.71038478 400 170.521738646105
280 330 0 463659.12422272 4322779.71038478 401 107.360539234994
290 330 0 463659.12422272 4321779.71038478 402 106.650139544264
300 330 0 463659.12422272 4320779.71038478 403 264.344786481746
310 330 0 463659.12422272 4319779.71038478 404 239.415776320615
320 330 0 463659.12422272 4318779.71038478 405 354.989395627392
330 330 0 463659.12422272 4317779.71038478 406 323.647889476533
340 330 0 463659.12422272 4316779.71038478 407 352.895327797081
350 330 0 463659.12422272 4315779.71038478 408 273.145583382394
360 330 0 463659.12422272 4314779.71038478 409 163.324348114478
370 330 0 463659.12422272 4313779.71038478 410 194.806615348694
380 330 0 463659.12422272 4312779.71038478 411 182.258611055514
390 330 0 463659.12422272 4311779.71038478 412 378.843363690715
400 330 0 463659.12422272 4310779.71038478 413 531.02559574594
410 330 0 463659.12422272 4309779.71038478 414 287.327266441162
420 330 0 463659.12422272 4308779.71038478 415 573.321278140882
150 340 0 464659.12422272 4335779.71038478 416 359.397682628365
160 340 0 464659.12422272 4334779.71038478 417 258.902760726784
170 340 0 464659.12422272 4333779.71038478 418 284.420423136767
180 340 0 464659.12422272 4332779.71038478 419 435.001365173573
190 340 0 464659.12422272 4331779.71038478 420 557.939513277644
200 340 0 464659.12422272 4330779.71038478 421 688.736460757973
210 340 0 464659.12422272 4329779.71038478 422 537.582368656192
220 340 0 464659.12422272 4328779.71038478 423 601.499373468593
230 340 0 464659.12422272 4327779.71038478 424 561.429623753209
240 340 0 464659.12422272 4326779.71038478 425 227.598639862127
250 340 0 464659.12422272 4325779.71038478 426 231.208317901344
260 340 0 464659.12422272 4324779.71038478 427 480.643780851937
270 340 0 464659.12422272 4323779.71038478 428 342.48445301914
280 340 0 464659.12422272 4322779.71038478 429 135.980364533215
290 340 0 464659.12422272 4321779.71038478 430 89.4059040886507
300 340 0 464659.12422272 4320779.71038478 431 183.489599045314
310 340 0 464659.12422272 4319779.71038478 432 260.046797716886
320 340 0 464659.12422272 4318779.71038478 433 315.796512273411
330 340 0 464659.12422272 4317779.71038478 434 411.969699733319
340 340 0 464659.12422272 4316779.71038478 435 375.297178503705
350 340 0 464659.12422272 4315779.71038478 436 363.902841543852
360 340 0 464659.12422272 4314779.71038478 437 372.812393326256
370 340 0 464659.12422272 4313779.71038478 438 250.901600461774
380 340 0 464659.12422272 4312779.71038478 439 242.484850978509
390 340 0 464659.12422272 4311779.71038478 440 359.094297114615
410 340 0 464659.12422272 4309779.71038478 441 352.535110257285
420 340 0 464659.12422272 4308779.71038478 442 621.987968472276
150 350 0 465659.12422272 4335779.71038478 443 530.933923858865
160 350 0 465659.12422272 4334779.71038478 444 290.96248097573
170 350 0 465659.12422272 4333779.71038478 445 412.130305785848
190 350 0 465659.12422272 4331779.71038478 446 570.809985839779
200 350 0 465659.12422272 4330779.71038478 447 551.945884031932
210 350 0 465659.12422272 4329779.71038478 448 711.132578494986
220 350 0 465659.12422272 4328779.71038478 449 658.858138488777
230 350 0 465659.12422272 4327779.71038478 450 575.818002052026
240 350 0 465659.12422272 4326779.71038478 451 408.363549930668
250 350 0 465659.12422272 4325779.71038478 452 264.113179434383
260 350 0 465659.12422272 4324779.71038478 453 342.076843070717
270 350 0 465659.12422272 4323779.71038478 454 441.039594665318
280 350 0 465659.12422272 4322779.71038478 455 331.444353005159
290 350 0 465659.12422272 4321779.71038478 456 195.082998741638
300 350 0 465659.12422272 4320779.71038478 457 86.259318926559
310 350 0 465659.12422272 4319779.71038478 458 162.483411245526
320 350 0 465659.12422272 4318779.71038478 459 230.875068922262
330 350 0 465659.12422272 4317779.71038478 460 335.245686345325
340 350 0 465659.12422272 4316779.71038478 461 465.618428197569
350 350 0 465659.12422272 4315779.71038478 462 402.731018664245
360 350 0 465659.12422272 4314779.71038478 463 394.79388690496
370 350 0 465659.12422272 4313779.71038478 464 442.3820079079
380 350 0 465659.12422272 4312779.71038478 465 216.521968339191
390 350 0 465659.12422272 4311779.71038478 466 330.817440269669
400 350 0 465659.12422272 4310779.71038478 467 514.985549444185
420 350 0 465659.12422272 4308779.71038478 468 521.833426035681
160 360 0 466659.12422272 4334779.71038478 469 499.715343641024
170 360 0 466659.12422272 4333779.71038478 470 546.867099506747
180 360 0 466659.12422272 4332779.71038478 471 367.388635926046
190 360 0 466659.12422272 4331779.71038478 472 395.649721555972
200 360 0 466659.12422272 4330779.71038478 473 648.988749509775
210 360 0 466659.12422272 4329779.71038478 474 463.215500350982
220 360 0 466659.12422272 4328779.71038478 475 325.746182825581
230 360 0 466659.12422272 4327779.71038478 476 440.559151679394
240 360 0 466659.12422272 4326779.71038478 477 392.153970988097
250 360 0 466659.12422272 4325779.71038478 478 331.712579599422
260 360 0 466659.12422272 4324779.71038478 479 323.878987448695
270 360 0 466659.12422272 4323779.71038478 480 456.120138281247
280 360 0 466659.12422272 4322779.71038478 481 338.525212090214
290 360 0 466659.12422272 4321779.71038478 482 295.313625408153
300 360 0 466659.12422272 4320779.71038478 483 120.214683988185
320 360 0 466659.12422272 4318779.71038478 484 108.789207315106
330 360 0 466659.12422272 4317779.71038478 485 170.111500672694
340 360 0 466659.12422272 4316779.71038478 486 287.406020607413
350 360 0 466659.12422272 4315779.71038478 487 465.50803495377
360 360 0 466659.12422272 4314779.71038478 488 468.786568466995
370 360 0 466659.12422272 4313779.71038478 489 394.143848447025
380 360 0 466659.12422272 4312779.71038478 490 273.131882026489
390 360 0 466659.12422272 4311779.71038478 491 354.083388107797
400 360 0 466659.12422272 4310779.71038478 492 460.703849776851
410 360 0 466659.12422272 4309779.71038478 493 291.641350803854
420 360 0 466659.12422272 4308779.71038478 494 478.491663679547
160 370 0 467659.12422272 4334779.71038478 495 430.270853366938
180 370 0 467659.12422272 4332779.71038478 496 284.110618450417
190 370 0 467659.12422272 4331779.71038478 497 528.031849582933
200 370 0 467659.12422272 4330779.71038478 498 665.182063963359
210 370 0 467659.12422272 4329779.71038478 499 515.96678483638
220 370 0 467659.12422272 4328779.71038478 500 520.934144555505
230 370 0 467659.12422272 4327779.71038478 501 478.95173838054
240 370 0 467659.12422272 4326779.71038478 502 411.540932233724
260 370 0 467659.12422272 4324779.71038478 503 372.054200876974
270 370 0 467659.12422272 4323779.71038478 504 514.266419961805
280 370 0 467659.12422272 4322779.71038478 505 355.582146298588
290 370 0 467659.12422272 4321779.71038478 506 236.945599940798
300 370 0 467659.12422272 4320779.71038478 507 145.540319282927
320 370 0 467659.12422272 4318779.71038478 508 110.8072984939
330 370 0 467659.12422272 4317779.71038478 509 117.84442087647
340 370 0 467659.12422272 4316779.71038478 510 129.520124346207
350 370 0 467659.12422272 4315779.71038478 511 220.50698539278
360 370 0 467659.12422272 4314779.71038478 512 365.509194737116
370 370 0 467659.12422272 4313779.71038478 513 477.544977333822
380 370 0 467659.12422272 4312779.71038478 514 255.643235582793
390 370 0 467659.12422272 4311779.71038478 515 319.103629340531
400 370 0 467659.12422272 4310779.71038478 516 482.824760286093
410 370 0 467659.12422272 4309779.71038478 517 369.310931667502
420 370 0 467659.12422272 4308779.71038478 518 451.277039787082
160 380 0 468659.12422272 4334779.71038478 519 636.491542861896
170 380 0 468659.12422272 4333779.71038478 520 516.129267358229
180 380 0 468659.12422272 4332779.71038478 521 343.838727977811
190 380 0 468659.12422272 4331779.71038478 522 442.867774446523
200 380 0 468659.12422272 4330779.71038478 523 624.207457342663
210 380 0 468659.12422272 4329779.71038478 524 538.366296641818
220 380 0 468659.12422272 4328779.71038478 525 521.032621901022
230 380 0 468659.12422272 4327779.71038478 526 616.628982821004
240 380 0 468659.12422272 4326779.71038478 527 564.714088024659
250 380 0 468659.12422272 4325779.71038478 528 348.678184270666
260 380 0 468659.12422272 4324779.71038478 529 332.615424481216
270 380 0 468659.12422272 4323779.71038478 530 511.719907602914
280 380 0 468659.12422272 4322779.71038478 531 429.750992254773
290 380 0 468659.12422272 4321779.71038478 532 381.863163953102
300 380 0 468659.12422272 4320779.71038478 533 325.51789113949
310 380 0 468659.12422272 4319779.71038478 534 230.966284462653
320 380 0 468659.12422272 4318779.71038478 535 132.028540084384
340 380 0 468659.12422272 4316779.71038478 536 130.971626000072
350 380 0 468659.12422272 4315779.71038478 537 160.025974357621
360 380 0 468659.12422272 4314779.71038478 538 262.551604599276
370 380 0 468659.12422272 4313779.71038478 539 361.515650672686
380 380 0 468659.12422272 4312779.71038478 540 195.664061602397
390 380 0 468659.12422272 4311779.71038478 541 431.261103382832
400 380 0 468659.12422272 4310779.71038478 542 422.728114401906
410 380 0 468659.12422272 4309779.71038478 543 475.855152988622
420 380 0 468659.12422272 4308779.71038478 544 301.444669660951
160 390 0 469659.12422272 4334779.71038478 545 709.783106628445
170 390 0 469659.12422272 4333779.71038478 546 714.147670865316
180 390 0 469659.12422272 4332779.71038478 547 426.044271832232
190 390 0 469659.12422272 4331779.71038478 548 576.235242999108
200 390 0 469659.12422272 4330779.71038478 549 643.637776886594
210 390 0 469659.12422272 4329779.71038478 550 479.404835501183
220 390 0 469659.12422272 4328779.71038478 551 559.904977701151
230 390 0 469659.12422272 4327779.71038478 552 706.950311716488
240 390 0 469659.12422272 4326779.71038478 553 701.852008334976
250 390 0 469659.12422272 4325779.71038478 554 411.325421015232
260 390 0 469659.12422272 4324779.71038478 555 365.721951798341
270 390 0 469659.12422272 4323779.71038478 556 437.5415717686
280 390 0 469659.12422272 4322779.71038478 557 515.421682777247
300 390 0 469659.12422272 4320779.71038478 558 490.687122000983
310 390 0 469659.12422272 4319779.71038478 559 371.237606229417
320 390 0 469659.12422272 4318779.71038478 560 213.35397505756
330 390 0 469659.12422272 4317779.71038478 561 218.387188898
340 390 0 469659.12422272 4316779.71038478 562 157.376291869403
350 390 0 469659.12422272 4315779.71038478 563 185.985107494614
360 390 0 469659.12422272 4314779.71038478 564 160.709088580607
370 390 0 469659.12422272 4313779.71038478 565 290.311322526256
380 390 0 469659.12422272 4312779.71038478 566 271.535733017998
390 390 0 469659.12422272 4311779.71038478 567 365.69038635123
400 390 0 469659.12422272 4310779.71038478 568 539.937841711183
410 390 0 469659.12422272 4309779.71038478 569 349.80878313862
420 390 0 469659.12422272 4308779.71038478 570 486.798781463516
170 400 0 470659.12422272 4333779.71038478 571 687.101149031817
180 400 0 470659.12422272 4332779.71038478 572 531.483783054651
190 400 0 470659.12422272 4331779.71038478 573 777.591363903186
200 400 0 470659.12422272 4330779.71038478 574 687.316836670952
210 400 0 470659.12422272 4329779.71038478 575 576.773406589207
220 400 0 470659.12422272 4328779.71038478 576 584.774022790643
230 400 0 470659.12422272 4327779.71038478 577 697.521923992613
240 400 0 470659.12422272 4326779.71038478 578 533.974721568037
250 400 0 470659.12422272 4325779.71038478 579 478.688911819677
260 400 0 470659.12422272 4324779.71038478 580 447.794398265283
270 400 0 470659.12422272 4323779.71038478 581 636.530814260429
280 400 0 470659.12422272 4322779.71038478 582 570.191989750133
290 400 0 470659.12422272 4321779.71038478 583 524.67409849479
300 400 0 470659.12422272 4320779.71038478 584 551.756765067753
310 400 0 470659.12422272 4319779.71038478 585 477.478496852367
320 400 0 470659.12422272 4318779.71038478 586 367.427489188286
330 400 0 470659.12422272 4317779.71038478 587 281.708633695447
340 400 0 470659.12422272 4316779.71038478 588 189.398128967096
350 400 0 470659.12422272 4315779.71038478 589 283.271000585112
360 400 0 470659.12422272 4314779.71038478 590 251.73428248286
370 400 0 470659.12422272 4313779.71038478 591 378.061582594511
380 400 0 470659.12422272 4312779.71038478 592 251.170821567727
390 400 0 470659.12422272 4311779.71038478 593 268.74964838379
400 400 0 470659.12422272 4310779.71038478 594 419.178633235667
410 400 0 470659.12422272 4309779.71038478 595 430.163383573106
170 410 0 471659.12422272 4333779.71038478 596 771.854167328503
180 410 0 471659.12422272 4332779.71038478 597 653.576952770895
190 410 0 471659.12422272 4331779.71038478 598 743.234532613291
200 410 0 471659.12422272 4330779.71038478 599 672.158222752967
210 410 0 471659.12422272 4329779.71038478 600 582.032504028667
220 410 0 471659.12422272 4328779.71038478 601 632.412861158057
230 410 0 471659.12422272 4327779.71038478 602 776.19064851799
240 410 0 471659.12422272 4326779.71038478 603 586.343718379825
250 410 0 471659.12422272 4325779.71038478 604 404.271192125389
260 410 0 471659.12422272 4324779.71038478 605 359.139534701506
270 410 0 471659.12422272 4323779.71038478 606 557.761223589616
280 410 0 471659.12422272 4322779.71038478 607 661.17263563862
290 410 0 471659.12422272 4321779.71038478 608 497.576821457598
300 410 0 471659.12422272 4320779.71038478 609 525.210896130725
310 410 0 471659.12422272 4319779.71038478 610 570.557098584662
320 410 0 471659.12422272 4318779.71038478 611 485.859468633593
330 410 0 471659.12422272 4317779.71038478 612 412.927964049696
340 410 0 471659.12422272 4316779.71038478 613 276.298157803695
350 410 0 471659.12422272 4315779.71038478 614 293.644715734297
360 410 0 471659.12422272 4314779.71038478 615 372.516377285678
370 410 0 471659.12422272 4313779.71038478 616 467.247988531395
380 410 0 471659.12422272 4312779.71038478 617 421.075847559118
390 410 0 471659.12422272 4311779.71038478 618 293.748688574126
400 410 0 471659.12422272 4310779.71038478 619 275.70195161064
410 410 0 471659.12422272 4309779.71038478 620 251.972674753246
420 410 0 471659.12422272 4308779.71038478 621 440.812719494393
180 420 0 472659.12422272 4332779.71038478 622 883.245340023981
190 420 0 472659.12422272 4331779.71038478 623 951.951830177504
200 420 0 472659.12422272 4330779.71038478 624 712.715962994397
210 420 0 472659.12422272 4329779.71038478 625 848.584256152454
220 420 0 472659.12422272 4328779.71038478 626 632.846804812391
230 420 0 472659.12422272 4327779.71038478 627 867.222913788795
240 420 0 472659.12422272 4326779.71038478 628 547.471920337551
250 420 0 472659.12422272 4325779.71038478 629 567.888467311316
260 420 0 472659.12422272 4324779.71038478 630 576.077655981414
270 420 0 472659.12422272 4323779.71038478 631 416.253339345647
280 420 0 472659.12422272 4322779.71038478 632 535.065130143827
290 420 0 472659.12422272 4321779.71038478 633 656.561941884506
300 420 0 472659.12422272 4320779.71038478 634 609.961669599474
310 420 0 472659.12422272 4319779.71038478 635 503.891216350374
320 420 0 472659.12422272 4318779.71038478 636 449.270373283625
330 420 0 472659.12422272 4317779.71038478 637 513.870229144624
340 420 0 472659.12422272 4316779.71038478 638 377.02784015939
360 420 0 472659.12422272 4314779.71038478 639 341.56957198337
370 420 0 472659.12422272 4313779.71038478 640 539.896315074518
380 420 0 472659.12422272 4312779.71038478 641 561.18475262467
390 420 0 472659.12422272 4311779.71038478 642 405.372820589375
400 420 0 472659.12422272 4310779.71038478 643 262.937781134625
410 420 0 472659.12422272 4309779.71038478 644 294.103126613311
420 420 0 472659.12422272 4308779.71038478 645 391.147678736328
210 430 0 473659.12422272 4329779.71038478 646 853.31766602207
220 430 0 473659.12422272 4328779.71038478 647 709.492324587737
230 430 0 473659.12422272 4327779.71038478 648 835.559004590246
240 430 0 473659.12422272 4326779.71038478 649 839.396542994258
250 430 0 473659.12422272 4325779.71038478 650 690.934832521809
260 430 0 473659.12422272 4324779.71038478 651 625.156200544101
270 430 0 473659.12422272 4323779.71038478 652 441.472343172985
280 430 0 473659.12422272 4322779.71038478 653 688.79075185668
290 430 0 473659.12422272 4321779.71038478 654 608.658632203994
300 430 0 473659.12422272 4320779.71038478 655 560.231136968291
310 430 0 473659.12422272 4319779.71038478 656 455.251510285276
320 430 0 473659.12422272 4318779.71038478 657 531.096841739616
330 430 0 473659.12422272 4317779.71038478 658 442.060408937573
340 430 0 473659.12422272 4316779.71038478 659 318.754835720025
350 430 0 473659.12422272 4315779.71038478 660 467.067816957078
360 430 0 473659.12422272 4314779.71038478 661 397.23434084836
370 430 0 473659.12422272 4313779.71038478 662 467.936879782552
380 430 0 473659.12422272 4312779.71038478 663 585.521940102036
390 430 0 473659.12422272 4311779.71038478 664 570.698514920143
400 430 0 473659.12422272 4310779.71038478 665 431.433874915499
410 430 0 473659.12422272 4309779.71038478 666 343.617059481291
420 430 0 473659.12422272 4308779.71038478 667 263.615238423554
260 440 0 474659.12422272 4324779.71038478 668 691.513478698041
270 440 0 474659.12422272 4323779.71038478 669 584.969611483134
280 440 0 474659.12422272 4322779.71038478 670 558.421649898102
290 440 0 474659.12422272 4321779.71038478 671 752.8300019119
300 440 0 474659.12422272 4320779.71038478 672 559.885174195381
310 440 0 474659.12422272 4319779.71038478 673 495.756784169638
320 440 0 474659.12422272 4318779.71038478 674 548.772475845169
330 440 0 474659.12422272 4317779.71038478 675 473.670130530497
340 440 0 474659.12422272 4316779.71038478 676 559.59863325999
350 440 0 474659.12422272 4315779.71038478 677 689.639201485893
360 440 0 474659.12422272 4314779.71038478 678 578.753721717787
370 440 0 474659.12422272 4313779.71038478 679 512.218547400902
380 440 0 474659.12422272 4312779.71038478 680 444.410115185597
390 440 0 474659.12422272 4311779.71038478 681 670.422760673551
400 440 0 474659.12422272 4310779.71038478 682 628.486548580556
410 440 0 474659.12422272 4309779.71038478 683 461.111704865686
420 440 0 474659.12422272 4308779.71038478 684 282.799482209785
430 440 0 474659.12422272 4307779.71038478 685 269.227581912036
450 440 0 474659.12422272 4305779.71038478 686 332.679376695775
460 440 0 474659.12422272 4304779.71038478 687 407.152003765691
470 440 0 474659.12422272 4303779.71038478 688 538.14360527575
270 450 0 475659.12422272 4323779.71038478 689 771.545695185504
280 450 0 475659.12422272 4322779.71038478 690 828.312527087408
290 450 0 475659.12422272 4321779.71038478 691 636.954496891949
300 450 0 475659.12422272 4320779.71038478 692 611.650873967875
310 450 0 475659.12422272 4319779.71038478 693 568.614705358289
320 450 0 475659.12422272 4318779.71038478 694 566.907574646708
330 450 0 475659.12422272 4317779.71038478 695 434.216783869625
340 450 0 475659.12422272 4316779.71038478 696 720.512464729024
370 450 0 475659.12422272 4313779.71038478 697 824.740507948249
380 450 0 475659.12422272 4312779.71038478 698 586.363757443086
390 450 0 475659.12422272 4311779.71038478 699 638.675936246951
400 450 0 475659.12422272 4310779.71038478 700 674.708402899669
410 450 0 475659.12422272 4309779.71038478 701 528.710457422797
420 450 0 475659.12422272 4308779.71038478 702 424.728412620875
430 450 0 475659.12422272 4307779.71038478 703 324.959833144387
440 450 0 475659.12422272 4306779.71038478 704 260.225478465594
450 450 0 475659.12422272 4305779.71038478 705 403.229356051384
460 450 0 475659.12422272 4304779.71038478 706 303.407313551681
470 450 0 475659.12422272 4303779.71038478 707 385.687131238479
480 450 0 475659.12422272 4302779.71038478 708 442.973046953978
330 460 0 476659.12422272 4317779.71038478 709 659.26454062669
340 460 0 476659.12422272 4316779.71038478 710 681.245068045779
370 460 0 476659.12422272 4313779.71038478 711 734.796126579451
380 460 0 476659.12422272 4312779.71038478 712 569.63953355652
390 460 0 476659.12422272 4311779.71038478 713 718.109174331728
400 460 0 476659.12422272 4310779.71038478 714 784.683356748995
410 460 0 476659.12422272 4309779.71038478 715 649.989911583266
420 460 0 476659.12422272 4308779.71038478 716 524.091664353292
430 460 0 476659.12422272 4307779.71038478 717 364.155752370518
440 460 0 476659.12422272 4306779.71038478 718 256.568865525724
450 460 0 476659.12422272 4305779.71038478 719 277.98050072733
460 460 0 476659.12422272 4304779.71038478 720 289.496716822532
470 460 0 476659.12422272 4303779.71038478 721 387.90699547921
480 460 0 476659.12422272 4302779.71038478 722 435.430937092399
490 460 0 476659.12422272 4301779.71038478 723 456.205033715177
520 460 0 476659.12422272 4298779.71038478 724 631.306504587543
530 460 0 476659.12422272 4297779.71038478 725 716.92984121153
380 470 0 477659.12422272 4312779.71038478 726 705.914341959764
390 470 0 477659.12422272 4311779.71038478 727 748.158152278453
400 470 0 477659.12422272 4310779.71038478 728 886.322226704933
410 470 0 477659.12422272 4309779.71038478 729 771.888162779605
420 470 0 477659.12422272 4308779.71038478 730 538.911671146746
430 470 0 477659.12422272 4307779.71038478 731 324.554371572265
440 470 0 477659.12422272 4306779.71038478 732 265.80820973698
460 470 0 477659.12422272 4304779.71038478 733 429.441433154523
470 470 0 477659.12422272 4303779.71038478 734 339.229336053625
480 470 0 477659.12422272 4302779.71038478 735 314.4995969463
490 470 0 477659.12422272 4301779.71038478 736 461.689576564088
500 470 0 477659.12422272 4300779.71038478 737 494.491382352397
510 470 0 477659.12422272 4299779.71038478 738 474.654438561199
520 470 0 477659.12422272 4298779.71038478 739 457.075785943035
400 480 0 478659.12422272 4310779.71038478 740 832.941371949757
410 480 0 478659.12422272 4309779.71038478 741 662.733166652491
420 480 0 478659.12422272 4308779.71038478 742 467.584164060499
430 480 0 478659.12422272 4307779.71038478 743 386.354886698734
440 480 0 478659.12422272 4306779.71038478 744 335.633047642519
450 480 0 478659.12422272 4305779.71038478 745 444.16891343122
460 480 0 478659.12422272 4304779.71038478 746 401.490601950254
470 480 0 478659.12422272 4303779.71038478 747 319.121556296496
480 480 0 478659.12422272 4302779.71038478 748 321.31103532059
500 480 0 478659.12422272 4300779.71038478 749 453.99063315796
510 480 0 478659.12422272 4299779.71038478 750 411.005973602785
520 480 0 478659.12422272 4298779.71038478 751 520.02427930883
530 480 0 478659.12422272 4297779.71038478 752 503.468984093504
540 480 0 478659.12422272 4296779.71038478 753 551.352040869206
400 490 0 479659.12422272 4310779.71038478 754 897.31049902915
410 490 0 479659.12422272 4309779.71038478 755 698.106627634632
420 490 0 479659.12422272 4308779.71038478 756 615.488375823847
430 490 0 479659.12422272 4307779.71038478 757 437.790981408732
440 490 0 479659.12422272 4306779.71038478 758 359.218923377826
450 490 0 479659.12422272 4305779.71038478 759 424.852916062798
470 490 0 479659.12422272 4303779.71038478 760 564.641536468583
480 490 0 479659.12422272 4302779.71038478 761 372.303987903159
490 490 0 479659.12422272 4301779.71038478 762 317.707384592605
500 490 0 479659.12422272 4300779.71038478 763 474.261015668815
510 490 0 479659.12422272 4299779.71038478 764 471.578423563344
520 490 0 479659.12422272 4298779.71038478 765 322.936776766139
530 490 0 479659.12422272 4297779.71038478 766 334.148647518403
540 490 0 479659.12422272 4296779.71038478 767 396.24193217916
400 500 0 480659.12422272 4310779.71038478 768 961.072549238132
410 500 0 480659.12422272 4309779.71038478 769 863.748139186369
470 500 0 480659.12422272 4303779.71038478 770 464.98807729779
480 500 0 480659.12422272 4302779.71038478 771 468.77365439073
490 500 0 480659.12422272 4301779.71038478 772 324.579712593382
500 500 0 480659.12422272 4300779.71038478 773 415.175098544345
510 500 0 480659.12422272 4299779.71038478 774 536.297932923395
520 500 0 480659.12422272 4298779.71038478 775 408.569734405621
530 500 0 480659.12422272 4297779.71038478 776 351.587299777333
540 500 0 480659.12422272 4296779.71038478 777 407.727502928254
480 510 0 481659.12422272 4302779.71038478 778 405.098556617507
490 510 0 481659.12422272 4301779.71038478 779 403.387323421169
500 510 0 481659.12422272 4300779.71038478 780 440.318014265556
510 510 0 481659.12422272 4299779.71038478 781 372.437375251521
520 510 0 481659.12422272 4298779.71038478 782 464.152266632633
530 510 0 481659.12422272 4297779.71038478 783 408.683073985147
490 520 0 482659.12422272 4301779.71038478 784 507.834991027124
500 520 0 482659.12422272 4300779.71038478 785 424.140265735943
510 520 0 482659.12422272 4299779.71038478 786 454.702231518236
520 520 0 482659.12422272 4298779.71038478 787 413.921174330494
